1000
0	139.1404542182332	0.0
1	71.96348152779969	0.04160325017468444
2	18.151126203974453	118.76168205319928
3	8.13849077670591	-0.17632926777360566
4	4.3777713426044995	-0.041645352442155316
5	2.8838886203746084	2.540091646472466e-09
6	1.8744285546234603	0.04170160058796455
7	1.5999450727044475	0.17680608777408152
8	1.2552510582928742	-0.17698553194908503
9	0.7615175107046855	-0.04182872245909115
10	0.7211500786084204	2.027020685041837e-09
11	0.46694774084032153	0.041942335497244625
12	0.6301582787794997	0.1779484428178632
13	0.556320129353207	-0.17825139702321632
14	0.23830420311308453	-0.042156914521950285
15	0.3206429892776837	2.337080894255058e-09
16	0.15156508468060345	0.04233014824098639
17	0.38026187855268245	0.17971935255795568
18	0.35362927306722414	-0.18015186570951253
19	0.06871445499626413	-0.042636525680736594
20	0.18046557419658607	7.853671484853654e-10
21	0.03176074505583407	0.042872807576372664
22	0.2815293214683071	0.18215447017818132
23	0.2692736146685005	-0.1827253965475013
24	-0.007797720651824355	-0.043277239652545624
25	0.11558351962065348	-1.2409492879385095e-09
26	-0.027248766939951128	0.04358152475598655
27	0.23375979885178433	0.18530454291019693
28	0.22734651877753537	-0.1860260151808069
29	-0.049744697845455856	-0.044092633320586334
30	0.08033902124399682	1.3819015039945655e-08
31	-0.061614865278419084	0.04447157629201845
32	0.2081287113415813	0.1892379397194966
33	0.20457191868589228	-0.19012612077248087
34	-0.0762055259733532	-0.04510078656298888
35	0.05908777694303093	-6.84159769288349e-11
36	-0.08436503422653814	0.04556309928306712
37	0.19387945329995349	0.19404483737327893
38	0.19192612581868868	-0.19512080501403084
39	-0.09493962930013643	-0.04632536386229491
40	0.04529497501192453	4.5694479222563574e-10
41	-0.10116528928321421	0.04688240472376124
42	0.1863002320750779	0.19984261193621458
43	0.1853596067966343	-0.20113376369523486
44	-0.10962914726041736	-0.047797133620791216
45	0.0358387603200652	1.4115908279002494e-09
46	-0.11484800183901968	0.048463674983102716
47	0.1831106754501198	0.20678378204291778
48	0.18288539123746766	-0.20832574670331996
49	-0.1222542085442817	-0.0495561143966099
50	0.02907485931120129	-4.164408064413522e-09
51	-0.12701033888041596	0.050351340476218476
52	0.18315493995083634	0.2150672709388887
53	0.18349485165096102	-0.21690673200448246
54	-0.1340154056981529	-0.05165464864711523
55	0.02407042439532252	-6.671083813848334e-10
56	-0.13867123295496223	0.05260390426985621
57	0.18586667187523798	0.2249547755446275
58	0.18670570216307114	-0.2271535310353091
59	-0.14574434930219043	-0.05416186994437759
60	0.020264222488337126	3.1489102689081276e-09
61	-0.1505796829077158	0.0552989857880025
62	0.1910349047312799	0.23679506983149595
63	0.1923633029368413	-0.23943632762468153
64	-0.1581135092999763	-0.05717060076507575
65	0.01730218961923823	-2.8637156044419367e-09
66	-0.16338294642925516	0.05854145958833689
67	0.19870530639866413	0.25106097734901206
68	0.20055982987307497	-0.2542587608420244
69	-0.17176516565875738	-0.06080762497838257
70	0.014951990968911283	1.9058968341791038e-08
71	-0.17774035093195542	0.06247584730870469
72	0.20915546432864346	0.26840734216161094
73	0.2116212074131916	-0.2723218620801086
74	-0.1874150135654806	-0.0652502753204499
75	0.013056059188740192	-2.6130221813381263e-09
76	-0.1944272909300314	0.0673065813099149
77	0.22292593715804362	0.2897653805646649
78	0.22614947204196015	-0.2946284668376816
79	-0.20596661992024792	-0.07075385912491161
80	0.01150446001050616	-3.822986138048027e-09
81	-0.21446384103680458	0.07333176444724233
82	0.24091459996168413	0.316502820444346
83	0.2451329923489431	-0.32266227352225313
84	-0.22867526255896597	-0.07769895582809282
85	0.010218623837121382	6.051590507517715e-10
86	-0.23931415283531052	0.08100319977512724
87	0.26457154029132546	0.3507107009272829
88	0.2701700626916596	-0.35871253389754154
89	-0.2574265976894125	-0.08667844254917545
91	-0.2712431776982434	0.09103921888574067
92	0.29628840156323993	0.39575083690285084
93	0.3039180076739608	-0.40650272138678784
94	-0.29527030386544884	-0.09866850571084487
96	-0.3140295554546433	0.10465452779617211
97	0.34021686299074555	0.45738997474935233
98	0.35105263018893784	-0.4725181264839465
99	-0.3475587367538014	-0.11539720040961539
101	-0.3745603265190823	0.12407689793341047
102	0.40416388963778854	0.5464134116449652
103	0.4205447194100837	-0.5691438367924558
104	-0.42470429516502434	-0.14023919540177784
106	-0.4669359470465039	0.15388022350732677
107	0.5046529743367344	0.685594572907194
108	0.531960872767502	-0.7233402774182677
109	-0.5500999204052602	-0.1807887430372778
111	-0.6253654210167454	0.20517364859723675
112	0.6836717265059715	0.9327485567306936
113	0.737523101354357	-1.0070078423241366
114	-0.7896345750426538	-0.25844930778194447
116	-0.9600384374090937	0.31375532579256327
117	1.0882301398590115	1.4902363091521802
118	1.2387168982327847	-1.6974857482352106
119	-1.4287783252612503	-0.46597159887969714
121	-2.1320286310152987	0.6944173217974507
122	2.8455141330191664	3.9095113806812405
123	4.252038557621802	-5.845533970390497
124	-8.462188227189271	-2.751134491506395
125	0.0048585097322392315	9.48683297791202
126	8.418872965530266	-2.7339027058014533
127	-4.189277241960192	-5.772534529901895
128	-2.7827387055104094	3.836504734647305
129	2.0887243000133093	0.6771804053355595
131	1.3854887013820696	-0.4487278745931959
132	-1.1758282064085694	-1.624421406724344
133	-1.0252988065871542	1.4171503227896556
134	0.916782389454625	0.29649625624737447
136	0.74640897581867	-0.24117658948563697
137	-0.6743627134678923	-0.9338061958875927
138	-0.6204392068186743	0.859510710350258
139	0.5821984459610768	0.18787529967249977
141	0.5069813274728932	-0.16346983466991724
142	-0.4683783259815014	-0.6499282089529916
143	-0.4409671382863636	0.6121315700421747
144	0.4239052304606473	0.1365252128490436
146	0.3817433471349994	-0.12285660120068267
147	-0.35637965266516985	-0.4954472014331055
148	-0.33986191055368037	0.4726508417978907
149	0.3317228276364463	0.10664763807610629
151	0.3048174478156479	-0.09793321617409444
152	-0.2861304215815263	-0.3984613385537461
153	-0.2751206426531909	0.38325193172956534
154	0.2714562463931807	0.08713299403364877
156	0.25282666335444165	-0.08110493233126043
157	-0.23804430595760978	-0.33200836104997505
158	-0.23019888060220736	0.3211595163617362
159	0.229024398778721	0.07340693347214051
161	0.21538058653997527	-0.0689965594342499
162	-0.20312385272678757	-0.2837009312570516
163	-0.19726134595066733	0.27558586477760266
164	0.1975667760729355	0.06324110184771364
166	0.1871568797668283	-0.05987947005901613
167	-0.1766573473329602	-0.24705106399989005
168	-0.17211824640041543	0.24076153030690145
169	0.1733409602937023	0.055420151770975826
171	0.16514700635474022	-0.05277673429715387
172	-0.1559390109782476	-0.21833206549920575
173	-0.15232643720922756	0.21332137466313084
174	0.1541318604796991	0.049224898681225746
176	0.14752207524062128	-0.04709462167880633
177	-0.13930446889546214	-0.1952510099628297
178	-0.1363654150595611	0.19117052355998726
179	0.1385446468442033	0.04420263469034841
181	0.13310629077174288	-0.04245155282234146
182	-0.12567394684577882	-0.17631985606669232
183	-0.12323954473665698	0.17293680763002858
184	0.12565727749150526	0.04005415565333237
186	0.12110928845844404	-0.03859112158027691
187	-0.11431641644681628	-0.16053083465402937
188	-0.11226971015349876	0.15768394753132625
189	0.11483578232703746	0.03657384720422001
191	0.1109802019705963	-0.035334624187957527
192	-0.10471947233619654	-0.14717727997453714
193	-0.10297689424589329	0.14475128400330733
194	0.10562996285059768	0.033615728879369394
196	0.10232332704366197	-0.032553846457038266
197	-0.09651333821354188	-0.13574901848006646
198	-0.0950136172858908	0.1336593343713623
199	0.09771129597452967	0.03107334591110606
201	0.09484709942117776	-0.030154286767806092
202	-0.08942453387385012	-0.12586856352378464
203	-0.0881217423429725	0.12405183148604049
204	0.09083443200101572	0.028867210183309767
206	0.08833197517780972	-0.028064829876330917
207	-0.08324651413903607	-0.11725070271646182
208	-0.08210553892183954	0.11565838944387644
209	0.08481247938544245	0.026936803784116354
211	0.08260948330707762	-0.026230979129959545
212	-0.0778203734029832	-0.1096758772643075
213	-0.07681394354937376	0.10827028092930759
214	0.07950055499492303	0.025235225794163586
216	0.07754820840032015	-0.024610172416926333
217	-0.0730219239175378	-0.102972411104959
218	-0.07212851559066819	0.10172378403152711
219	0.07478464050118805	0.023725662336293977
221	0.0730441458314239	-0.023168784542387626
222	-0.06875270131662894	-0.09700414026982247
223	-0.06795512529139787	0.09588868211100303
224	0.07057377740454295	0.02237863819592456
226	0.06901391092984718	-0.02187985216059769
227	-0.06493367186435489	-0.091661674497596
228	-0.06421801907771096	0.09066015703973875
229	0.06679453494441334	0.021170442564946684
231	0.06538988292478466	-0.02072157759887817
232	-0.06150065625937263	-0.08685618469624617
233	-0.060855576254829305	0.08595286615276881
234	0.06338697177231464	0.020081730441707593
236	0.062116659986708816	-0.01967602719097029
237	-0.05840104508375563	-0.08251476832231525
238	-0.057817156928761916	0.0816966377449033
239	0.06030171217697451	0.019096543063921348
241	0.05914841468319213	-0.018728415553978528
242	-0.055591268313539374	-0.0785770865795124
243	-0.055060790309626795	0.07783337613416152
244	0.057497686414294265	0.018201654286059098
246	0.056446924292998454	-0.017866435867282118
247	-0.05303499232608003	-0.07499265692268169
248	-0.05255137818768271	0.07431431747260982
249	0.05494049001291061	0.017385955242047054
251	0.05398006460797435	-0.01707970410372731
252	-0.05070164698590447	-0.07171914988157033
253	-0.050259379892723624	0.07109849325661946
254	0.05260107665828946	0.016640093284108808
256	0.05172063208720556	-0.016359475412656196
257	-0.04856534875857726	-0.06872060726750481
258	-0.04815973905753555	0.06815110321275779
259	0.050454752592316146	0.015956111199667743
261	0.049645455446836205	-0.01569828810048965
262	-0.04660404986581583	-0.06596637549810187
263	-0.04623107326633703	0.06544249130734224
264	0.048480410284810545	0.015327209138936287
266	0.047734676639274824	-0.015089741701495548
267	-0.044798833945376586	-0.06343024059062369
268	-0.044455050765847506	0.06294712242317532
269	0.04665989251850717	0.014747558407393557
271	0.04597116535950274	-0.014528328463712268
272	-0.043133413411354946	-0.06108947837047468
273	-0.042815826414273304	0.06064299931851864
274	0.04497749845054788	0.014212072287444167
276	0.04434010295394503	-0.014009282574390363
277	-0.04159366609433885	-0.05892448182214145
278	-0.04129968976129691	0.058511028792172605
279	0.04341959393426777	0.013716445611134359
281	0.04282857037203981	-0.013528458539621684
282	-0.04016730968823116	-0.05691809958482386
283	-0.03989467343302174	0.05653456125039257
284	0.041974274528638465	0.01325677845769485
286	0.04142528651572653	-0.013082205665071032
287	-0.0388435978874136	-0.055055499770709296
288	-0.03859032341680244	0.05469903226119634
289	0.040631105004788046	0.012829749402172463
291	0.04012034294151548	-0.012667403830175138
292	-0.03761311021104409	-0.05332342713193163
293	-0.03737744567754917	0.0529916417814436
294	0.039380908595231995	0.012432440805684647
296	0.038905012722938476	-0.01228118895570978
297	-0.03646753388295999	-0.051710351498294636
298	-0.036247948688145515	0.05140109202371804
299	0.03821557780282185	0.012062154560470958
301	0.037771566809152037	-0.011921112110104817
302	-0.035399531773290444	-0.050206025920223905
303	-0.03519465149214817	0.049917388976295246
304	0.03712792573994939	0.011716682780530173
306	0.03671316452021964	-0.011584964890431936
307	-0.03440258669350787	-0.04880135925141929
308	-0.03421120333907128	0.04853165673536541
309	0.03611157238615098	0.011393952255164862
311	0.03572369610386052	-0.011270809591168158
312	-0.033470900395601424	-0.047488263921244535
313	-0.033291929989935784	0.04723598338485006
314	0.03516081776049246	0.011092126600515612
316	0.03479771922307	-0.010976888104318225
317	-0.0325992993610617	-0.046259509370970904
318	-0.03243176808885918	0.04602329990040067
319	0.0342705663547053	0.010809587060858834
321	0.03393037014312956	-0.01070163866390057
322	-0.031783150554920876	-0.0451086276801475
323	-0.031626202409875924	0.04488729038834678
324	0.033436259839781046	0.010544867970118471
326	0.03311725720239015	-0.010443695190420373
327	-0.03101829991694071	-0.04402983175263086
328	-0.03087114681488675	0.04382225424063089
329	0.03265378091678562	0.010296645375008616
331	0.032354466940359504	-0.010201712111020396
332	-0.030301012977419665	-0.04301788172048625
333	-0.030162962523940427	0.04282308783821166
334	0.03191944602352517	0.010063759409221436
336	0.03163843389243217	-0.009974641058667126
337	-0.029627921940566956	-0.04206806423258232
338	-0.029498336762567526	0.04188516922394567
339	0.031229910977858922	0.009845112981678587
341	0.030965959265336428	-0.009761427943945598
342	-0.028995985769015048	-0.04117616563020019
343	-0.028874291634848982	0.04100433957386423
344	0.030582160016318402	0.009639762382737935
346	0.030334138079034314	-0.009561142811609441
347	-0.028402449362077437	-0.04033822087127651
348	-0.02828812636475793	0.04017680882252921
349	0.02997345398398069	0.0094468251444932
351	0.029740342275463735	-0.009372946983560008
352	-0.027844818183064057	-0.039550849959044135
353	-0.027737397043286444	0.03939915583268881
354	0.02940131330329264	0.009265506876341648
356	0.029182174001500104	-0.009196073566300408
357	-0.02732082212394205	-0.03881083458559849
358	-0.0272198728164436	0.03866827434610612
359	0.02886346866870717	0.009095091697560976
361	0.02865747447199094	-0.009029829765667899
362	-0.026828405843461408	-0.038115289924728464
363	-0.02673354610096254	0.037981295673979086
364	0.028357877311452197	0.008934923530515552
366	0.028164247083497473	-0.008873592972099465
367	-0.02636569209489157	-0.03746161400831958
368	-0.02627656311039101	0.037335679713278044
369	0.027882659365627338	0.00878439929900371
371	0.027700690884386325	-0.008726764482124057
372	-0.025930969710080753	-0.036847371353410256
373	-0.02584724772187112	0.036729058028447316
374	0.02743610697572357	0.00864299544149301
376	0.027265152168903517	-0.008588836549689886
377	-0.025522674451736935	-0.03627038246281638
378	-0.02544406339480312	0.0361592828718518
379	0.02701665174473631	0.008510151979548441
381	0.02685612810254633	-0.008459324990575076
382	-0.025139384414802828	-0.03572866340714024
383	-0.025065607815327677	0.035624372352706477
384	0.026622866601668394	0.008385469042364126
386	0.02647224690537851	-0.008337785310233515
387	-0.02477979482558631	-0.03522035076251981
388	-0.024710611212401576	0.03512255442542068
389	0.026253453504413816	0.008268519159021189
391	0.02611223369745894	-0.008223816671667251
392	-0.024442707484716653	-0.03474380311201415
393	-0.02437789367806548	0.03465216827914478
394	0.025907204535539907	0.008158890774568267
396	0.025774943007737583	-0.008117055132869434
397	-0.024127039214497267	-0.0342974795258023
398	-0.02406638445660805	0.034211747823917546
399	0.02558303110410295	0.008056312871984316
401	0.025459318237132413	-0.008017159090214497
402	-0.023831787175217514	-0.03387997757027695
403	-0.02377510894178845	0.03379982214946825
404	0.025279930812415016	0.007960393451448923
406	0.025164387032782853	-0.007923817304508446
407	-0.023556045329521744	-0.03349002076307802
408	-0.02350316136109987	0.033415228732620525
409	0.02499699141149986	0.007870857471595097
411	0.024889261383990363	-0.007836770133200041
412	-0.023298966418939412	-0.033126420989521066
413	-0.023249720986863735	0.033056771917254126
414	0.0247333604612444	0.0077874246367285425
416	0.02463314489931007	-0.007755733326173697
417	-0.02305979703997757	-0.032788121685092333
418	-0.02301404713291056	0.03272342349145425
419	0.024488286070606276	0.007709900564303866
421	0.024395282150578495	-0.00768047945306224
422	-0.022837832795934217	-0.032474143465884724
423	-0.02279544379381412	0.032414174148760584
424	0.02426105535958092	0.007638009929540132
426	0.024175011446479357	-0.007610820700829887
427	-0.02263243836992711	-0.03218356172975997
428	-0.022593297725379033	0.032128185331367694
429	0.024051031625331665	0.007571573954868839
431	0.023971717556710192	-0.007546485093985756
432	-0.022443046696883028	-0.031915605906595285
433	-0.02240703962757138	0.03186466034832402
434	0.023857649682243694	0.007510394196148532
436	0.023784825996542976	-0.007487368819938021
437	-0.02226911532326824	-0.031669509585522025
438	-0.022236145411383062	0.031622840259675676
439	0.023680359183634116	0.007454328993171904
441	0.02361385217098421	-0.007433293502666642
442	-0.02211018624942815	-0.03144461384107253
443	-0.022080159204511146	0.03140213228968389
444	0.023518707085360285	0.007403200498386616
446	0.023458321173811976	-0.0073841132897548
447	-0.02196581512971389	-0.03124032454682652
448	-0.02193865550612785	0.031201888349868163
449	0.02337224890956922	0.007356882454649394
451	0.023317829489391886	-0.0073396730680386334
452	-0.02183562559491466	-0.031056080827706816
453	-0.021811254516244376	0.031021599061077248
454	0.023240602937661246	0.0073152719209343955
456	0.02319201835282468	-0.007299881499025904
457	-0.02171927006609449	-0.030891419197378187
458	-0.02169763587100423	0.030860797318183333
459	0.023123432626966253	0.00727819710938028
461	0.02308054920771256	-0.00726463533010409
462	-0.02161645197337967	-0.03074589725800198
463	-0.02159748680515468	0.030719056674077788
464	0.02302043545618606	0.007245624461022337
466	0.022983144262494776	-0.007233843411941782
467	-0.021526895293980327	-0.030619148416467106
468	-0.021510559153648783	0.03059601829791161
469	0.022931342946550606	0.007217455417423914
471	0.02289955921452136	-0.007207403166712666
472	-0.02145038372781512	-0.03051085267786348
473	-0.02143662949654345	0.030491378977753184
474	0.022855944841371236	0.00719360587083214
476	0.02282956908896108	-0.007185274282473064
477	-0.021386709549933866	-0.030420722733035716
478	-0.021375499998044955	0.030404866287739186
479	0.022794034649454405	0.007174036546491774
481	0.022773015712427753	-0.007167389675107904
482	-0.02133571533126645	-0.030348531707664227
483	-0.021327029965635784	0.030336245814515918
484	0.022745465113750623	0.007158682830634255
486	0.02272974958109097	-0.007153723181633827
487	-0.021297280594115103	-0.030294137393164493
488	-0.02129108765784788	0.030285376224357875
489	0.022710122468638246	0.007147504332183355
491	0.022699659132089326	-0.007144195705882817
492	-0.021271291457943885	-0.030257355457343323
493	-0.02126758607415499	0.030252104371975386
494	0.022687900579736964	0.007140510974814736
496	0.0226826826705998	-0.007138831126060369
497	-0.021257704069275612	-0.03023811759420225
498	-0.021256467381970758	0.030236355191052864
499	0.022678765768405097	0.007137590828946531
501	0.022678765769046934	-0.007137590828882998
502	-0.021256467382314483	-0.03023635519051535
503	-0.021257704069247187	0.03023811759434627
504	0.02268268267132438	0.007138831126031923
506	0.022687900581087765	-0.007140510975111941
507	-0.021267586074043596	-0.03025210437413192
508	-0.021271291458489723	0.030257355457833243
509	0.02269965913274206	0.007144195706328756
511	0.02271012246760342	-0.007147504331555945
512	-0.021291087657437983	-0.03028537622537055
513	-0.02129728059459325	0.030294137392780845
514	0.022729749581815607	0.007153723181082781
516	0.02274546511305885	-0.007158682830637429
517	-0.02132702996553877	-0.030336245814650862
518	-0.02133571533059849	0.0303485317068553
519	0.022773015712896125	0.007167389675277077
521	0.0227940346504944	-0.0071740365461108405
522	-0.021375499999166287	-0.03040486628763898
523	-0.021386709548319498	0.030420722732714258
524	0.022829569089917543	0.007185274281909119
526	0.022855944842365108	-0.007193605870318548
527	-0.02143662949547228	-0.030491378978057124
528	-0.021450383727812987	0.030510852677916915
529	0.02289955921569881	0.007207403166381117
531	0.022931342946435285	-0.007217455416926499
532	-0.021510559151757428	-0.030596018296857406
533	-0.02152689529456987	0.030619148417287842
534	0.02298314426094619	0.007233843411301167
536	0.023020435456811775	-0.007245624460545805
537	-0.021597486806498124	-0.030719056674925947
538	-0.021616451973371583	0.030745897259355278
539	0.023080549205879233	0.007264635330024914
541	0.023123432627538153	-0.007278197111801407
542	-0.021697635870601188	-0.030860797317250267
543	-0.02171927006522633	0.030891419195914756
544	0.02319201835744831	0.007299881502872963
546	0.023240602935668667	-0.0073152719129530915
547	-0.021811254519144493	-0.031021599056839825
548	-0.021835625602371952	0.031056080825046517
549	0.0233178294863469	0.007339673068547044
551	0.023372248910412268	-0.0073568824542653375
552	-0.021938655507194354	-0.031201888350258312
553	-0.02196581513122091	0.03124032454544018
554	0.023458321172586834	0.00738411328852716
556	0.023518707085443083	-0.00740320050126314
557	-0.022080159204172535	-0.031402132289160826
558	-0.022110186249161213	0.03144461384162468
559	0.023613852170522746	0.007433293500620191
561	0.023680359183473068	-0.007454328993770599
562	-0.022236145410688198	-0.03162284026006687
563	-0.02226911532333784	0.03166950958568142
564	0.023784825994582526	0.007487368820121427
566	0.02385764968348383	-0.007510394200909307
567	-0.02240703962791224	-0.031864660348148645
568	-0.02244304669566873	0.031915605905421626
569	0.023971717557118067	0.007546485093894306
571	0.02405103162551496	-0.00757157395488308
572	-0.022593297725503572	-0.03212818533265123
573	-0.022632438370181578	0.03218356172896882
574	0.02417501144614069	0.00761082070111286
576	0.024261055358930264	-0.007638009928853357
577	-0.022795443794315806	-0.03241417414827165
578	-0.02283783279564144	0.03247414346434133
579	0.024395282148698207	0.007680479452551989
581	0.024488286071413824	-0.007709900564791254
582	-0.023014047133171317	-0.03272342349268778
583	-0.0230597970390388	0.032788121683872164
584	0.024633144902714454	0.007755733332544259
586	0.02473336046107369	-0.007787424636602209
587	-0.023249720987061184	-0.03305677191784954
588	-0.023298966419263083	0.03312642098862383
589	0.024889261382969468	0.007836770132468187
591	0.024996991408812192	-0.00787085746967554
592	-0.023503161360602567	-0.033415228731828846
593	-0.023556045328853	0.033490020762765756
594	0.02516438703300002	0.00792381730460568
596	0.025279930812936363	-0.007960393452831236
597	-0.023775108942434835	-0.03379982214991154
598	-0.023831787175091348	0.03387997757193077
599	0.025459318236320257	0.008017159091057546
601	0.025583031104435387	-0.008056312872298577
602	-0.02406638445606609	-0.034211747823910864
603	-0.024127039215050123	0.034297479526607354
604	0.02577494300811164	0.008117055133079297
606	0.02590720453512484	-0.00815889077555574
607	-0.024377893678011218	-0.034652168278709886
608	-0.024442707483336698	0.034743803111391976
609	0.02611223369752309	0.00822381667164908
611	0.026253453503942297	-0.008268519159737007
612	-0.024710611212627225	-0.03512255442593894
613	-0.02477979482492206	0.03522035076167373
614	0.02647224690755517	0.008337785309514609
616	0.02662286660252144	-0.008385469044660379
617	-0.0250656078156905	-0.03562437235375821
618	-0.02513938441433479	0.0357286634057786
619	0.0268561281069706	0.008459324993926659
621	0.02701665174475805	-0.00851015198009071
622	-0.025444063393708555	-0.03615928287155206
623	-0.02552267445098733	0.0362703824614317
624	0.027265152169888066	0.008588836548043053
626	0.027436106976828217	-0.00864299544071501
627	-0.025847247721241414	-0.03672905802741687
628	-0.025930969709696244	0.03684737135395323
629	0.02770069088473825	0.008726764482238818
631	0.027882659367525996	-0.00878439929813044
632	-0.026276563110006423	-0.037335679712592
633	-0.02636569209540078	0.037461614010294915
634	0.0281642470805238	0.008873592972643222
636	0.02835787731058081	-0.008934923531197216
637	-0.026733546101596204	-0.037981295675415944
638	-0.02682840584264257	0.03811528992160702
639	0.028657474473376597	0.009029829764102515
641	0.02886346867065613	-0.009095091695760732
642	-0.02721987281742992	-0.03866827434457023
643	-0.02732082212310349	0.03881083458689059
644	0.029182174000449885	0.009196073565059595
646	0.02940131330188519	-0.0092655068748389
647	-0.027737397044309418	-0.039399155832655276
648	-0.027844818183361132	0.03955084995873844
649	0.029740342274860544	0.009372946984428223
651	0.02997345398458607	-0.009446825144324511
652	-0.028288126364819047	-0.04017680882229643
653	-0.028402449360873952	0.040338220870555525
654	0.030334138077904867	0.009561142809016142
656	0.030582160014938253	-0.009639762383438921
657	-0.02887429163529132	-0.04100433957450112
658	-0.0289959857687214	0.041176165630018136
659	0.030965959264069604	0.0097614279435366
661	0.03122991097772366	-0.009845112982395189
662	-0.029498336761038545	-0.041885169223626714
663	-0.02962792193961586	0.04206806423118259
664	0.03163843389378491	0.009974641057540232
666	0.03191944602480648	-0.010063759408920235
667	-0.03016296252311541	-0.04282308783894719
668	-0.030301012976386356	0.043017881721554775
669	0.032354466941735494	0.010201712111711385
671	0.03265378091764473	-0.010296645374871778
672	-0.030871146813776063	-0.043822254241443884
673	-0.031018299917769436	0.04402983175240926
674	0.03311725720290683	0.010443695190223428
676	0.03343625983883913	-0.010544867971471911
677	-0.03162620241020232	-0.04488729038831499
678	-0.03178315055573924	0.04510862767794708
679	0.03393037014320741	0.010701638663809456
681	0.03427056635476229	-0.010809587060897595
682	-0.032431768089637845	-0.04602329990085404
683	-0.032599299359769685	0.04625950937011757
684	0.034797719222803565	0.010976888104139593
686	0.035160817760256584	-0.0110921266013763
687	-0.033291929989138234	-0.04723598338398797
688	-0.03347090039894922	0.0474882639212301
689	0.035723696103114704	0.011270809589934535
691	0.03611157238748703	-0.011393952256137447
692	-0.034211203336617486	-0.04853165673599488
693	-0.03440258669194976	0.04880135925300523
694	0.03671316452064872	0.01158496488990447
696	0.03712792574057821	-0.011716682780468213
697	-0.03519465148995699	-0.04991738897726339
698	-0.03539953177237923	0.05020602592017531
699	0.03777156680864392	0.011921112110916971
701	0.038215577800204695	-0.01206215455945394
702	-0.03624794868521289	-0.051401092024306955
703	-0.03646753388067104	0.051710351503200025
704	0.038905012723899936	0.012281188956970703
706	0.03938090859163946	-0.012432440802613258
707	-0.037377445676203894	-0.052991641782862094
708	-0.03761311021227861	0.05332342713080968
709	0.04012034294425501	0.01266740382746601
711	0.04063110500473122	-0.012829749400944739
712	-0.038590323417134205	-0.05469903226177975
713	-0.03884359788709266	0.05505549977005235
714	0.04142528651505857	0.013082205662294441
716	0.04197427452945815	-0.013256778457830283
717	-0.03989467343511578	-0.05653456125359889
718	-0.04016730968984929	0.056918099581585474
719	0.04282857037260302	0.013528458536288864
721	0.04341959393545078	-0.013716445613397526
722	-0.0412996897599906	-0.05851102879421788
723	-0.04159366609616014	0.05892448181928498
724	0.04434010295448404	0.014009282566987673
726	0.04497749846142043	-0.014212072286498994
727	-0.04281582640224589	-0.06064299931031711
728	-0.04313341340679677	0.06108947838184467
729	0.045971165355393015	0.01452832847218051
731	0.04665989251373206	-0.01474755840556124
732	-0.04445505076737321	-0.06294712242361172
733	-0.04479883394818123	0.0634302405885883
734	0.04773467664026206	0.015089741700525433
736	0.04848041028480194	-0.015327209138026729
737	-0.04623107326561109	-0.06544249130587207
738	-0.046604049869042596	0.06596637549929248
739	0.04964545544691478	0.01569828809970109
741	0.050454752593705	-0.015956111200337835
742	-0.04815973905859845	-0.06815110321263555
743	-0.04856534875984812	0.06872060726801497
744	0.05172063208631193	0.016359475413657485
746	0.052601076658768564	-0.016640093282830417
747	-0.05025937989224182	-0.07109849325487617
748	-0.050701646986068015	0.07171914988189726
749	0.053980064609256376	0.017079704105590298
751	0.05494049001754804	-0.01738595524446447
752	-0.0525513781885821	-0.07431431747231969
753	-0.05303499232593193	0.07499265692332593
754	0.05644692429278291	0.01786643586717724
756	0.05749768641409262	-0.018201654286124483
757	-0.0550607903099904	-0.07783337613643632
758	-0.05559126831441835	0.07857708658102532
759	0.05914841468237747	0.01872841555400083
761	0.060301712176917606	-0.019096543063528638
762	-0.05781715693080554	-0.08169663774634307
763	-0.05840104508364063	0.08251476832231536
764	0.062116659986400626	0.019676027190857325
766	0.06338697177298949	-0.0200817304440612
767	-0.060855576254183225	-0.0859528661529439
768	-0.061500656260844694	0.08685618469211631
769	0.06538988292405314	0.020721577598111798
771	0.06679453494469212	-0.021170442565822258
772	-0.06421801908143424	-0.09066015704577024
773	-0.06493367186604988	0.091661674498282
774	0.06901391092980094	0.021879852160350415
776	0.07057377740527088	-0.02237863819553292
777	-0.0679551252893407	-0.09588868211013284
778	-0.0687527013170214	0.09700414027091443
779	0.07304414583073217	0.02316878454017462
781	0.07478464049344269	-0.023725662331034916
782	-0.07212851558763497	-0.10172378403245083
783	-0.0730219239177753	0.10297241110681137
784	0.07754820840071808	0.02461017241692313
786	0.0795005549959711	-0.02523522579336261
787	-0.07681394354874259	-0.10827028092828282
788	-0.07782037340259206	0.10967587726517189
789	0.08260948330838681	0.026230979130422806
791	0.0848124793865935	-0.02693680378322775
792	-0.08210553892128583	-0.11565838944494158
793	-0.0832465141386885	0.11725070271705842
794	0.08833197518128867	0.028064829876505333
796	0.09083443200111291	-0.028867210182992896
797	-0.08812174234139489	-0.1240518314870966
798	-0.08942453387294454	0.12586856352356135
799	0.0948470994209801	0.03015428676780317
801	0.09771129597459234	-0.03107334591136811
802	-0.09501361728507617	-0.13365933437166655
803	-0.09651333821303466	0.1357490184814281
804	0.10232332704530205	0.03255384645780812
806	0.10562996285181077	-0.03361572887882204
807	-0.10297689424559776	-0.1447512840032463
808	-0.10471947233650926	0.14717727997291166
809	0.11098020196987309	0.03533462418805184
811	0.11483578232287847	-0.03657384720713726
812	-0.11226971015384718	-0.15768394752907583
813	-0.11431641644791152	0.16053083465365917
814	0.12110928845008405	0.038591121574344106
816	0.12565727749241548	-0.04005415565291017
817	-0.12323954473358213	-0.17293680762982996
818	-0.1256739468420136	0.17631985606647055
819	0.13310629077408614	0.04245155282616956
821	0.13854464684130013	-0.04420263468721163
822	-0.13636541506136732	-0.19117052356169234
823	-0.13930446889726933	0.19525100996136976
824	0.14752207523950805	0.047094621678422946
826	0.1541318604773115	-0.04922489868169895
827	-0.15232643721063494	-0.21332137466338408
828	-0.15593901097865578	0.2183320654995014
829	0.16514700635769103	0.05277673429143346
831	0.17334096029380516	-0.05542015177179786
832	-0.1721182464010253	-0.24076153030605368
833	-0.17665734733244495	0.24705106399790455
834	0.18715687976565068	0.059879470057923836
836	0.19756677607339562	-0.06324110184802552
837	-0.19726134595060435	-0.27558586477795677
838	-0.20312385272657787	0.28370093125645945
839	0.21538058654118833	0.06899655943245055
841	0.22902439877864583	-0.07340693347384666
842	-0.23019888060191138	-0.32115951636230816
843	-0.2380443059574753	0.33200836104920445
844	0.25282666335575776	0.08110493233041682
846	0.2714562463927223	-0.08713299403679813
847	-0.27512064265224634	-0.38325193172960276
848	-0.28613042158017765	0.3984613385539692
849	0.3048174478155918	0.09793321617361854
851	0.3317228276337655	-0.10664763807897462
852	-0.33986191055412124	-0.4726508417967061
853	-0.3563796526664676	0.49544720143246623
854	0.38174334713487423	0.12285660120082406
856	0.42390523046041595	-0.13652521284572178
857	-0.44096713828760276	-0.6121315700426436
858	-0.4683783259815586	0.6499282089527507
859	0.5069813274704772	0.16346983466977844
861	0.5821984459615688	-0.18787529967243602
862	-0.6204392068206733	-0.8595107103513776
863	-0.6743627134696257	0.9338061958851301
864	0.7464089758181772	0.24117658948558002
866	0.9167823894541682	-0.29649625624739195
867	-1.025298806586925	-1.4171503227885958
868	-1.1758282064091348	1.6244214067223455
869	1.3854887013831438	0.44872787459268537
871	2.0887243000149596	-0.6771804053360215
872	-2.7827387055082746	-3.8365047346476677
873	-4.189277241961467	5.772534529900949
874	8.418872965531033	2.7339027058034135
875	0.004858509732348096	-9.486832977912014
876	-8.462188227188486	2.751134491506984
877	4.2520385576216135	5.845533970391183
878	2.8455141330192637	-3.9095113806797834
879	-2.1320286310170595	-0.6944173217978998
881	-1.428778325261098	0.46597159888008527
882	1.2387168982310246	1.6974857482358168
883	1.0882301398680736	-1.490236309151568
884	-0.9600384374109646	-0.31375532579144033
886	-0.7896345750426583	0.2584493077812564
887	0.7375231013539709	1.0070078423238134
888	0.6836717265070805	-0.9327485567314514
889	-0.625365421016823	-0.20517364859640494
891	-0.5500999204049529	0.18078874303725195
892	0.5319608727681158	0.7233402774177025
893	0.5046529743365749	-0.6855945729087284
894	-0.4669359470470085	-0.15388022350934966
896	-0.42470429516313907	0.1402391953990513
897	0.42054471941099747	0.5691438367918967
898	0.40416388964115774	-0.5464134116460299
899	-0.37456032651936905	-0.12407689793408724
901	-0.34755873675160104	0.11539720041066634
902	0.35105263018669103	0.47251812648305835
903	0.3402168629910354	-0.4573899747497839
904	-0.3140295554506541	-0.10465452779696668
906	-0.2952703038646988	0.09866850571371837
907	0.3039180076726133	0.4065027213897118
908	0.29628840155977537	-0.3957508369004239
909	-0.27124317769817063	-0.09103921888896611
911	-0.2574265976892156	0.08667844254975736
912	0.2701700626912952	0.3587125338958684
913	0.2645715402929731	-0.3507107009276951
914	-0.2393141528342226	-0.08100319977373759
915	0.01021862383855678	-6.038135589332742e-10
916	-0.22867526255815657	0.07769895582958505
917	0.24513299234826685	0.3226622735240695
918	0.24091459996264303	-0.3165028204448366
919	-0.21446384103612662	-0.07333176444665522
920	0.011504460009909656	3.819417867343905e-09
921	-0.20596661992036894	0.07075385912552806
922	0.22614947204121888	0.2946284668377294
923	0.22292593715733014	-0.28976538056442824
924	-0.19442729092992314	-0.06730658130965693
925	0.013056059187692728	2.611872313160498e-09
926	-0.18741501356484275	0.06525027532064567
927	0.21162120741212312	0.27232186208071535
928	0.20915546432874935	-0.2684073421637314
929	-0.17774035093069113	-0.062475847307864506
930	0.014951990967386738	-1.907230139192465e-08
931	-0.17176516565916328	0.06080762497872767
932	0.20055982987294463	0.2542587608434015
933	0.1987053063994797	-0.2510609773491538
934	-0.16338294642900164	-0.05854145958882577
935	0.017302189618112515	2.863683360947361e-09
936	-0.15811350930101917	0.057170600768117
937	0.19236330293761814	0.23943632762045108
938	0.19103490473182497	-0.23679506983106235
939	-0.1505796829079101	-0.05529898578903162
940	0.020264222488428518	-3.1509348682661186e-09
941	-0.14574434930267763	0.054161869945385986
942	0.1867057021649496	0.2271535310358438
943	0.18586667187584544	-0.2249547755444795
944	-0.13867123295461417	-0.05260390427022543
945	0.0240704243950143	6.664845484074689e-10
946	-0.1340154056974763	0.05165464864737356
947	0.18349485165165538	0.2169067320051882
948	0.18315493995099671	-0.2150672709393537
949	-0.12701033887969682	-0.05035134047607171
950	0.029074859311902724	4.16433929420754e-09
951	-0.1222542085433303	0.049556114393449216
952	0.18288539123852132	0.2083257467024616
953	0.18311067545071577	-0.20678378204264836
954	-0.11484800183799873	-0.048463674982644436
955	0.0358387603219806	-1.4113902750491905e-09
956	-0.10962914726193028	0.04779713362090556
957	0.1853596067968374	0.20113376369468264
958	0.1863002320769142	-0.1998426119364624
959	-0.10116528928355085	-0.04688240472660194
960	0.04529497501305305	-4.5682076150085786e-10
961	-0.0949396293006034	0.04632536386216566
962	0.19192612581896354	0.1951208050142564
963	0.1938794532996751	-0.19404483737369607
964	-0.08436503422683671	-0.04556309928220549
965	0.05908777694372574	6.756253544262553e-11
966	-0.07620552597200853	0.04510078656334713
967	0.20457191868658697	0.19012612077380972
968	0.20812871134114738	-0.1892379397196822
969	-0.06161486527825102	-0.04447157629320174
970	0.0803390212442755	-1.3819934414884403e-08
971	-0.04974469784464864	0.044092633321459296
972	0.2273465187784834	0.18602601517955594
973	0.23375979885200077	-0.18530454291028922
974	-0.02724876694016953	-0.0435815247562572
975	0.1155835196214585	1.2409648760391098e-09
976	-0.007797720652030904	0.043277239652916404
977	0.2692736146678943	0.1827253965476567
978	0.281529321466639	-0.18215447017574435
979	0.03176074505597237	-0.0428728075740352
980	0.18046557419766926	-7.842776104700611e-10
981	0.06871445499674884	0.042636525680521974
982	0.35362927306773967	0.18015186571058403
983	0.38026187855277543	-0.17971935255758875
984	0.15156508467737034	-0.04233014823973819
985	0.3206429892784719	-2.336363989082442e-09
986	0.23830420311304545	0.042156914521095185
987	0.5563201293526359	0.17825139702180995
988	0.6301582787804302	-0.1779484428179388
989	0.4669477408406187	-0.04194233549760071
990	0.721150078609631	-2.0273817777749137e-09
991	0.76151751070481	0.04182872245893055
992	1.2552510582944536	0.1769855319476353
993	1.59994507270492	-0.1768060877759631
994	1.8744285546272113	-0.04170160058978397
995	2.883888620384149	-2.5345366934118133e-09
996	4.377771342608464	0.041645352441025414
997	8.138490776709736	0.17632926777071292
998	18.151126203995428	-118.76168205319588
999	71.963481527806	-0.04160325015908552
