1000
0	11.32773842435524	4.592516871703347e-13
1	11.243668407023518	3.26762048004105e-13
2	11.193717322276775	2.662756535907313e-13
3	11.133004735442057	2.682487420000714e-13
4	11.023293196529561	3.125975903751323e-13
5	10.865527568339841	3.677106541648493e-13
6	10.70235361607595	3.805041313243428e-13
7	10.587287380879811	3.884105282955776e-13
8	10.542427126242105	3.367872329736258e-13
9	10.536458268851117	2.495500429464319e-13
10	10.501421814715918	1.2476097813934164e-13
11	10.3790774753392	1.067293374447317e-15
12	10.165180364200108	-1.0139287057249511e-13
13	9.919160874652723	-5.912243561083164e-14
14	9.729247764807939	6.510489584128635e-14
15	9.654107296403561	1.9683136758228415e-13
16	9.680038607394168	2.3033876220638016e-13
17	9.724401959733191	1.5964461948311975e-13
18	9.685865064342185	-3.050212117499438e-14
19	9.510109210824274	-2.5609423653185885e-13
20	9.227712204305464	-3.790576679352892e-13
21	8.9378710736615	-3.756872678054556e-13
22	8.74685516818254	-1.8149604699154113e-13
23	8.700322206664318	9.774160376517535e-15
24	8.753491088726788	9.296687024791104e-14
25	8.798975204954392	1.3032213835356714e-14
26	8.734587690141852	-1.9520234085286456e-13
27	8.527397646203964	-4.539928974885903e-13
28	8.232965960553816	-6.288604908914587e-13
29	7.958171173614598	-5.788100489634292e-13
30	7.792709858941565	-3.8001261463874207e-13
31	7.754003325977791	-2.0278574114499023e-13
32	7.7802540530770266	-6.830677596462829e-14
33	7.774016367012193	-1.403209920720736e-13
34	7.665806152206841	-3.1136879866113046e-13
35	7.455654420561774	-5.334781672171668e-13
36	7.207055488264599	-6.827307196332995e-13
37	7.000413179721624	-6.785738928065047e-13
38	6.879419248344462	-5.519591945957546e-13
39	6.8264349202496355	-3.4119683981015807e-13
40	6.781167494032128	-2.4165768930907144e-13
41	6.686623751391799	-2.9221369125657596e-13
42	6.528589795224054	-3.4580305332093073e-13
43	6.3414126617179525	-5.212885534142685e-13
44	6.178119850086279	-5.775742355824902e-13
45	6.068506181472977	-6.817195995943494e-13
46	5.996635213508634	-6.958752801396507e-13
47	5.914129134894004	-4.692720447438361e-13
48	5.778900390700904	-5.389269807603979e-13
49	5.590023099902483	-5.081439929079174e-13
50	5.391965250708742	-5.311750604617806e-13
51	5.243672296271666	-5.023019660162058e-13
52	5.174061738220244	-5.129748997606789e-13
53	5.156504782469614	-6.959876268106451e-13
54	5.122500266150768	-7.22164401152353e-13
55	5.007239794794006	-8.419259524324414e-13
56	4.7963581867088	-8.349604588307853e-13
57	4.540658693170096	-4.890450588388601e-13
58	4.326468053966582	-3.631044406540767e-13
59	4.2196370972358626	-3.0153846494911566e-13
60	4.220208412365043	-2.8311361090602514e-13
61	4.258955709723529	-5.490381811498987e-13
62	4.239711244944628	-8.432741124843749e-13
63	4.10076145147233	-1.0486438270622377e-12
64	3.8552909330952674	-9.133784351849145e-13
65	3.584077665400464	-7.226137878363309e-13
66	3.3847727836107966	-4.996056459123388e-13
67	3.3104784354307397	-1.3245672510246177e-13
68	3.3371608091096965	-2.6109366339111207e-13
69	3.380340137541178	-5.675753818639837e-13
70	3.349357180651875	-8.066490977401827e-13
71	3.2036392564404883	-1.0376338533047811e-12
72	2.97522057126912	-9.056265148862971e-13
73	2.744755637408949	-5.586999948554219e-13
74	2.588617449066311	-2.952470513734262e-13
75	2.532288214042513	-1.4290496550494604e-13
76	2.5391733139548593	-2.9592113139939295e-13
77	2.5393229513412727	-3.5613894705242053e-13
78	2.476482004048921	-7.259841879661645e-13
79	2.3416430687491454	-9.904482514871103e-13
80	2.172661738019614	-8.160862181037169e-13
81	2.0235601310696754	-7.14749520866719e-13
82	1.9269589602210393	-3.15469452152428e-13
83	1.8755778532414467	-3.8355153477506743e-13
84	1.8334086761704722	-8.1338989799985e-14
85	1.7657112690963614	-2.81091370828125e-13
86	1.664660862624946	-7.194680810484862e-13
87	1.552351454736873	-7.990095241125599e-13
88	1.4605221220648599	-5.482517544529376e-13
89	1.4035901785307057	-3.022125449750824e-13
90	1.3659724256668182	-3.0827926520878296e-13
91	1.3134803165689624	-2.2716496875078685e-13
92	1.2203009816436916	-4.603966577352742e-13
93	1.0911697050817286	-6.11390583551821e-13
94	0.9614667291398596	-1.6514960636184801e-13
95	0.8738857207001417	-1.6514960636184801e-13
96	0.8475754665628297	-4.58599110999363e-13
97	0.8618201821425165	-3.963590552684352e-13
98	0.8668188318715434	-5.084810329209008e-13
99	0.815448079347582	-7.226137878363309e-13
100	0.695038526521024	-7.711475497059352e-13
101	0.5375507862009105	-5.911681827728192e-13
102	0.40068391237989504	-5.835286091451963e-13
103	0.33179833009521226	-7.275570413600869e-13
104	0.3379970420398696	-2.790691307502248e-13
105	0.38164726708722446	-4.893820988518435e-13
106	0.4039417343682409	-5.936398095346972e-13
107	0.36105493311696985	-4.23996336333071e-13
108	0.24990076887279034	-3.608575072341876e-13
109	0.10798051698419805	-4.3725324351041664e-13
110	-0.011179943759404258	-3.653513740739658e-13
111	-0.07041500796276332	-4.644411378910746e-13
112	-0.0689125141584749	-5.462295143750374e-13
113	-0.03893142962285835	-8.810225939385117e-13
114	-0.023653749012686826	-2.0334747449996252e-13
115	-0.05158141514372027	-4.111888158397032e-13
116	-0.12306357860331063	-3.309732927496627e-13
117	-0.21501321125082548	-3.4130918648115256e-13
118	-0.2979216348386652	-2.334563823264763e-13
119	-0.3528638245095043	-3.2805227930380695e-13
120	-0.37858803122981527	2.134586748894634e-14
121	-0.38699631559609027	-4.63542364523119e-13
122	-0.39292286424418116	-6.307142109628671e-13
123	-0.40613519694152916	-8.634965132633767e-13
124	-0.4296563544238123	-4.628682844971523e-13
125	-0.4627706088296937	-2.278390487767536e-13
126	-0.50408489409703	-2.2267110191100868e-13
127	-0.551559774241696	2.485108362397332e-13
128	-0.6004183767158154	-1.1549237778229914e-13
129	-0.6424438334685956	-3.610822005761765e-13
130	-0.6690812041502857	-7.336237615937874e-13
131	-0.6770292328070635	-7.812587500954361e-13
132	-0.6720335948447332	-7.93841577246815e-13
133	-0.6671696884681338	2.9075318453364805e-13
134	-0.675833681509516	2.7861974406624697e-13
135	-0.703863618988016	2.487355295817221e-13
136	-0.7462239635735924	-1.0111200389500898e-13
137	-0.790525819700177	-2.388490225342101e-13
138	-0.8247043649787539	-6.45768664876124e-13
139	-0.8433208423879547	-6.208277039153552e-13
140	-0.8484467394370659	-2.817654508540917e-13
141	-0.8456537740309843	-1.092009642066097e-13
142	-0.8394600397300285	-1.220084846999775e-13
143	-0.8324316450530543	2.543528631314448e-13
144	-0.8281224380811836	2.0671787462979615e-14
145	-0.8336981080744628	-1.6604837972980365e-13
146	-0.8575609954600816	-2.965952114253597e-14
147	-0.9016679556893366	-8.066490977401828e-14
148	-0.9542273144322801	-2.0402155452592923e-13
149	-0.9906773167848812	-3.3366961285352965e-13
150	-0.9862101391343049	-3.118743586806055e-13
151	-0.9339649397351955	-3.9006764169274575e-13
152	-0.856162577276942	-4.039986288960581e-13
153	-0.7972558970812414	2.945729713474595e-13
154	-0.7992196547250985	1.981795276342176e-13
155	-0.8726794339925852	-3.909664150607014e-14
156	-0.9836657159258734	-2.368267824563099e-13
157	-1.0683281042784105	-3.7748481454136687e-13
158	-1.0701557617862092	-3.2805227930380695e-13
159	-0.9775519190190701	2.5839734328724518e-14
160	-0.8362810654554358	1.5998165949610311e-13
161	-0.7255056823656524	-9.729221708119753e-14
162	-0.7098492418061725	-1.5661125936626946e-13
163	-0.7974291634712468	-4.696090847568195e-14
164	-0.9321875245656245	-2.9412358466348167e-13
165	-1.027577176116576	-1.3144560506351167e-13
166	-1.0210742506013353	-6.653169856291591e-13
167	-0.9139107805915773	2.4716267618779974e-14
168	-0.7691531647429318	5.886965560109412e-13
169	-0.6689680803061717	1.1753708719439822e-12
170	-0.6600435470166799	5.140983664706234e-13
171	-0.7247908318269678	4.828659919341651e-13
172	-0.79817328338805	-3.343436928794964e-13
173	-0.8175216798859959	-2.5165654302757793e-13
174	-0.7685064611602932	-4.395001769303057e-13
175	-0.6926833853444322	7.684512296020682e-14
176	-0.6503354670823509	5.244342602021132e-13
177	-0.6668643252617519	2.5255531639553354e-13
178	-0.705841869905754	6.174573037855215e-13
179	-0.6940200026516395	-1.8559670048283871e-13
180	-0.5839171401532275	-3.0063969158116004e-13
181	-0.40670732862115105	-9.913470248550658e-13
182	-0.26859312483973846	-4.1792961609937046e-13
183	-0.28171373328135896	-5.3926402077338124e-15
184	-0.4717739066554816	-1.2582827151378896e-13
185	-0.7313938450375453	2.0761664799775178e-13
186	-0.8662471417064254	-2.3143414224857613e-13
187	-0.7191626658644924	-2.004264610541067e-13
188	-0.2955220296225141	4.700584714407973e-13
189	0.2025275509609942	-1.1234667099445443e-13
190	0.47621064050298173	3.347930795634742e-13
191	0.31875023800605917	5.2128855341426856e-14
192	-0.2243690304867791	3.8871948164081233e-13
193	-0.840091722053879	-6.156597570496102e-14
194	-1.1121324663358167	2.3008598219664266e-13
195	-0.781498026874373	2.480614495557554e-13
196	0.058122249005438505	-3.7703542785738906e-13
197	0.9702250596848723	-2.5525163649940043e-13
198	1.4121848541277193	-6.610478121313698e-13
199	1.0723151710562258	-1.981795276342176e-13
200	0.09902380167934048	-3.9905537537230213e-13
201	-0.9398463099044712	-2.0761664799775178e-13
202	-1.3715142091209656	-4.269173497789268e-14
203	-0.8333991864603012	-3.7883297459330034e-13
204	0.4668566083741475	-2.876074777458033e-13
205	1.8273521405411635	-6.596996520794363e-13
206	2.446549976337342	-6.048744766341426e-13
207	1.9147816305986323	-2.615430500750899e-13
208	0.5009226930398905	6.291413575689448e-14
209	-0.9619284907493709	1.0560587073478716e-13
210	-1.5501776687473432	-2.0941419473366306e-13
211	-0.8127613074030547	1.3346784514141185e-13
212	0.9207329405074599	-1.1549237778229914e-13
213	2.694078867677995	-9.1225496847497e-14
214	3.4729312149259823	1.4650005897676857e-13
215	2.771747058660673	-2.0357216784195143e-13
216	0.9775563790195458	-2.5749856991928956e-13
217	-0.8432325846091174	-5.567901014485161e-13
218	-1.5608465836140186	-3.4153387982314144e-13
219	-0.6631237075723831	-4.934265790076438e-13
220	1.411004184995468	-1.1863808457014388e-13
221	3.5015563296626713	2.6963201038669063e-14
222	4.4012558957067505	-3.334449195115407e-13
223	3.5792378527377733	-3.7658604117341125e-13
224	1.5186077791265553	-7.563177891346672e-13
225	-0.5464642382058105	-7.208162411004196e-13
226	-1.3507395927587247	-8.668669133932103e-13
227	-0.35236901726272196	-1.9862891431819543e-13
228	1.930400599068856	1.4515189892483512e-13
229	4.2096450665753755	4.179296160993705e-14
230	5.181595880489406	5.662272218120503e-14
231	4.30005771661394	-3.240077991480066e-13
232	2.108369733292131	-4.970216724794664e-13
233	-0.07222108752907787	-7.832809901733363e-13
234	-0.9177915258326538	-5.401627941413369e-13
235	0.11668338484525302	-3.1951393230822837e-13
236	2.47275265837581	-2.763728106463579e-13
237	4.814537067885444	-1.1818869788616605e-13
238	5.8137361202620195	-2.4177003598006593e-13
239	4.93022124178833	-4.430952704021283e-13
240	2.727944188935514	-3.941121218485461e-13
241	0.5412341559430007	-7.702487763379796e-13
242	-0.30991928861920703	-7.51823922294889e-13
243	0.7074974755012226	-7.796858967015137e-13
244	3.0322506597995975	-4.898314855358213e-13
245	5.3439602743818675	-3.8692193490490106e-13
246	6.339597595583232	-3.8152929469716723e-13
247	5.493635142490884	-1.2627765819776677e-13
248	3.357874649389981	-4.16581456047437e-13
249	1.2302663313742659	-5.868990092750299e-13
250	0.39205984245287695	-7.81483443437425e-13
251	1.3621749565081636	-7.369941617236211e-13
252	3.6027245769124163	-5.536443946606714e-13
253	5.842229087620297	-4.3860140356235006e-13
254	6.822018538958343	-2.260415020408423e-13
255	6.027624066415157	-2.264908887248201e-13
256	3.9805590085401206	-3.478252933988309e-13
257	1.9256327117602348	-7.648561361302457e-13
258	1.1012729911010046	-8.156368314197392e-13
259	2.0201523077055037	-8.89785634276079e-13
260	4.177260738236852	-7.697993896540017e-13
261	6.3510596272388735	-5.19940393362335e-13
262	7.318350228520139	-4.1837900278334827e-13
263	6.565254232510943	-2.7008139707066845e-13
264	4.581940613961913	-2.921013445855815e-13
265	2.572519967927473	-5.761137288595623e-13
266	1.75137994601587	-8.106935778959832e-13
267	2.6361981353695136	-8.870893141722122e-13
268	4.748284457184381	-8.915831810119903e-13
269	6.893413874664072	-5.603851949203386e-13
270	7.8589567253742265	-3.828774547491007e-13
271	7.121393220423719	-1.4964576576461329e-13
272	5.152249095479719	-2.557010231833783e-13
273	3.143776281151687	-5.833039158032074e-13
274	2.3132988471494866	-8.255233384672511e-13
275	3.19114208247471	-9.378700094617056e-13
276	5.3080154724687505	-7.437349619832883e-13
277	7.4661824709321385	-6.161091437335881e-13
278	8.438425052898669	-1.3391723182538968e-13
279	7.687700290267597	-2.1390806157344123e-13
280	5.6858534540767325	-2.210982485170863e-13
281	3.6420448801655017	-2.858099310098921e-13
282	2.79653428496318	-6.677886123910371e-13
283	3.6917623547078313	-6.165585304175659e-13
284	5.849041032657114	-6.165585304175659e-13
285	8.04386356390787	-2.5300470307951135e-13
286	9.022030639897409	-5.02863699371178e-13
287	8.23798722827484	-5.648790617601168e-13
288	6.180498528480219	-3.2805227930380695e-13
289	4.090849640226305	-5.100538863148231e-13
290	3.2356856781611647	-4.543299375015737e-13
291	4.160586749464459	-7.091321873169964e-13
292	6.364715265404776	-7.059864805291516e-13
293	8.591000355377014	-4.242210296750599e-13
294	9.563863350406963	-5.639802883921612e-13
295	8.74113513994556	-2.386243291922212e-13
296	6.63626543225468	-4.1478390931152576e-13
297	4.518891312081105	-1.1369483104638789e-13
298	3.668462366244461	-2.741258772264688e-13
299	4.620312069372628	-4.997179925833333e-13
300	6.849193217910792	-1.5009515244859112e-13
301	9.07773823176956	-3.7703542785738906e-13
302	10.028436891855893	-4.31411216618705e-14
303	9.1757007779616	-3.042347850529826e-13
304	7.054530730852854	5.797088223313848e-14
305	4.944253571108793	4.179296160993705e-14
306	4.114666576785195	-4.732041782286421e-13
307	5.079563861847033	-2.5075776965962227e-13
308	7.2970954841732585	-3.986059886883243e-13
309	9.491784397532085	-2.0222400779001796e-13
310	10.406384806725123	-4.570262576054406e-13
311	9.53971605779031	-8.475432859821642e-13
312	7.437055312941418	-4.2961366988279373e-13
313	5.364966125542746	-3.046841717369604e-13
314	4.564919089342049	2.053697145778627e-13
315	5.526016820908862	-6.11165890209832e-14
316	7.702989457225117	1.977301409502398e-13
317	9.84170114361242	-2.130092882054856e-13
318	10.717452644379016	-4.4713975055792864e-13
319	9.851226330648243	-4.323099899866606e-13
320	7.7851944923386975	-4.421964970341726e-13
321	5.759568123735073	4.129863625756145e-13
322	4.9837042073536155	5.837533024871852e-13
323	5.929770366796475	1.0371844666208032e-12
324	8.060980053385341	6.174573037855215e-13
325	10.150156001395704	-3.267041192518735e-13
326	10.999366167870205	-4.129863625756145e-13
327	10.139006443667453	-6.882357065120278e-13
328	8.099156081213904	-1.6020635283809202e-13
329	6.097104666203185	4.821919119081984e-13
330	5.325300511183906	-9.88650704751199e-15
331	6.255581741261343	6.08918956789943e-13
332	8.364676038184733	1.0627995076075389e-12
333	10.43999450377256	1.52791472552458e-14
334	11.287124890259348	-3.2468187917397327e-13
335	10.427072460504702	-1.331308051284285e-12
336	8.377270585812617	-8.046268576622826e-13
337	6.352065840986697	-2.336810756684652e-14
338	5.555756620225411	-1.3299598912323515e-12
339	6.478822966510436	3.662501474419214e-14
340	8.607644870656282	-1.4987045910660222e-13
341	10.719083781558973	8.394543256705635e-13
342	11.591431838717389	-9.448355030633617e-13
343	10.719381021404756	-7.801352833854915e-13
344	8.615351102824231	-1.4942107242262438e-13
345	6.517710353441535	-8.661928333672436e-13
346	5.671438104311297	-8.35859232198741e-14
347	6.598352059126785	6.846406130402052e-13
348	8.784251353108662	6.239734107031999e-13
349	10.970550533429657	9.077611016351918e-14
350	11.88563182495638	2.0447094120990705e-14
351	10.991336566818195	2.3008598219664266e-13
352	8.806342607046998	-7.275570413600869e-13
353	6.6118279211034	-2.9300011795353713e-13
354	5.705879221075404	3.64901987389988e-13
355	6.640560808509145	1.395570347093113e-12
356	8.890585323086063	-1.4605067229279076e-13
357	11.153016548970255	1.116501216342888e-12
358	12.107388133768854	7.990095241125599e-13
359	11.19227387866223	-3.813046013551783e-13
360	8.9405135717077	-4.134357492595923e-14
361	6.672039829217923	4.664633779689748e-13
362	5.721259967300192	1.2027834596666292e-12
363	6.652278542286259	2.921013445855815e-13
364	8.925105149717371	5.39938100799348e-13
365	11.211504473337826	1.9685383691648303e-12
366	12.17559099973384	1.5301616589444694e-13
367	11.258879816359698	5.073575662109562e-13
368	9.006375600639837	8.484420593501198e-13
369	6.741999696708576	1.3180511441069394e-12
370	5.786988089849368	1.7346326001543764e-13
371	6.684637379915628	1.1245901766544887e-12
372	8.888697611189404	1.3326562113362184e-12
373	11.095395076464596	9.102327283970698e-13
374	12.016908354959316	1.0529130005600268e-12
375	11.135197124414164	5.030883927131669e-13
376	8.99232918661588	-1.5692583004505393e-12
377	6.853635427824411	-1.0288708129672136e-12
378	5.953159173448649	-8.23276405047362e-13
379	6.773695893099245	5.84202689171163e-14
380	8.784060049254329	-1.5344308324422585e-12
381	10.776865399965816	2.260415020408423e-13
382	11.592360587689237	1.7458672672538218e-13
383	10.79211055660984	-1.7975467359112708e-13
384	8.888782446598789	1.1009973757456534e-14
385	7.0123566488098295	-4.0939126910379193e-13
386	6.228989703529683	9.07087021609225e-13
387	6.925110792049544	-9.198945421025929e-13
388	8.614571737090431	-6.201536238893884e-14
389	10.262804957486027	6.848653063821942e-13
390	10.913933790101414	-9.706752373920862e-14
391	10.239143233839837	4.626435911551633e-13
392	8.690268246977332	1.0879651619102967e-12
393	7.191215061252735	5.902694094048636e-13
394	6.5747247201027434	1.7458672672538218e-13
395	7.108832064131209	-2.0896480804968524e-14
396	8.383036307229531	1.535554299152203e-12
397	9.595489233566344	-2.844617709579586e-13
398	10.044721775115997	5.900447160628747e-13
399	9.524048104161603	1.2018846862986734e-12
400	8.396987765319079	1.7449684938858662e-12
401	7.336695932300899	-2.8378769093199187e-13
402	6.910603263378105	1.0014582252445668e-12
403	7.266162355632537	6.77899812780538e-13
404	8.09075799800968	5.507233812148156e-13
405	8.84141900985968	4.4848791060986206e-13
406	9.082090804224764	1.2845718361505919e-12
407	8.72006795757467	2.082233200211218e-12
408	8.015291560251805	9.81011131123576e-13
409	7.384418777616735	6.388031712744679e-13
410	7.140110967094198	1.9555061553294736e-12
411	7.326955846221857	-1.3077152503754496e-13
412	7.737322810202023	1.380291199837867e-12
413	8.072123332325358	9.030425414534246e-13
414	8.129596672348013	1.1302075102042115e-13
415	7.90519292169496	-8.432741124843749e-13
416	7.5568655342187965	-2.7637281064635788e-14
417	7.279243176427702	-5.752149554916067e-14
418	7.179406626335346	-2.8041729080215825e-13
419	7.230983654118621	-8.315900587009516e-13
420	7.321218604336669	7.439596553252772e-13
421	7.343688170423041	-1.5845374477057853e-12
422	7.267472450581143	-9.113561951070143e-13
423	7.140582656954421	-2.0132523442206234e-13
424	7.036746545708158	7.498016822169888e-13
425	6.992576848422705	-9.796629710716426e-14
426	6.982525410432989	6.648675989451812e-13
427	6.945987549866599	7.830562968313473e-14
428	6.8411296035225995	-4.0894188241981413e-13
429	6.682185838855799	-8.092330711730552e-13
430	6.531908228252465	-4.991562592283611e-13
431	6.455488755666327	3.806305213292116e-13
432	6.470636994033229	-1.7571019343532672e-13
433	6.530717798920418	6.355451178156287e-13
434	6.553589563278486	1.4332064818762552e-12
435	6.476234389180535	-7.254224546111922e-13
436	6.2974900464073	5.008414592932778e-13
437	6.079907790668169	3.078298785248051e-14
438	5.909951595078287	2.3435515569443195e-13
439	5.843488550291223	-6.884603998540168e-13
440	5.87220414964559	2.8277657089304177e-13
441	5.931418075064326	9.643838238163968e-13
442	5.942138424069998	7.212656277843974e-13
443	5.858945775481546	1.2290725806793315e-13
444	5.693772311875312	1.3843356799936674e-12
445	5.503244769580345	4.973587124924497e-13
446	5.35101333913453	1.979548342922287e-13
447	5.270626674666265	-4.020887354891524e-13
448	5.25106334675794	6.695861591269484e-13
449	5.250228839451022	3.325461461435851e-13
450	5.223923677907453	1.071225507932123e-12
451	5.15042612040309	7.628338960523456e-13
452	5.037058809906623	1.8684374853087717e-12
453	4.908784783752664	-1.3472612785654974e-12
454	4.789924557485712	-2.4929726293669436e-13
455	4.691779075106482	-8.840559540553619e-13
456	4.61194723754688	-1.311535037189261e-12
457	4.541895129909858	-6.493637583479465e-13
458	4.47471561164733	9.100080350550808e-14
459	4.407350267692118	-1.4650005897676857e-13
460	4.3376791621673005	8.6282243323741e-14
461	4.261335847539981	-5.907187960888414e-13
462	4.172543259935391	6.054362099891149e-13
463	4.068814335942814	-1.5222973919748575e-12
464	3.955219659913513	-8.130528579868667e-13
465	3.8437151293374807	-3.241763191544982e-13
466	3.746887927729056	6.567224652980834e-13
467	3.6701500245332577	-9.178161286891954e-13
468	3.6080019612509497	4.866857787479766e-13
469	3.5471762158130034	-4.180419627703649e-13
470	3.474479389590314	-3.0108907826513784e-14
471	3.3839040256632056	-7.874939903356283e-13
472	3.2785137415523433	-5.170193799164792e-13
473	3.1667825948119757	-6.268944241490557e-13
474	3.0570343388391286	-2.9648286475436525e-13
475	2.9542689266037154	4.495552039843094e-13
476	2.860744635716813	7.274446946890924e-13
477	2.777969574508731	-8.095701111860386e-13
478	2.706638277322817	3.811360813486866e-13
479	2.6436092714669	-6.564415986205972e-13
480	2.5789793762919087	-1.0303874930256388e-12
481	2.4978394124521524	-4.4601628384798404e-13
482	2.3883144193208814	-4.965722857954886e-14
483	2.2517762379684974	1.909331673550753e-13
484	2.1073108419199205	1.698962532113637e-13
485	1.9845576502327813	-5.293775137258692e-13
486	1.9066466782600704	7.799386767112512e-13
487	1.8731692431521587	-8.045145109912881e-13
488	1.8555016307469676	-6.465550915730852e-13
489	1.8103579718781257	-5.386461140829118e-13
490	1.7054723324146381	-1.0330276397940084e-13
491	1.541776483978122	-2.2151954853331552e-13
492	1.3566361155445026	3.352284229135777e-13
493	1.203753346401954	-9.135609985252805e-13
494	1.120678316864728	-1.211799280013934e-13
495	1.1042122863864783	-1.0583899007710065e-12
496	1.1103240876698637	1.6401911798496632e-13
497	1.0800479952201592	-7.899164654289462e-13
498	0.9757676953038856	-8.620289848735117e-13
499	0.8048049974101498	-4.4987995608015274e-13
500	0.6148368147272956	-1.045298002766684e-13
501	0.46379319134099944	-1.1568231387294914e-12
502	0.3836317675176346	1.9297647243378694e-13
503	0.3614355979659412	-8.128141213110035e-13
504	0.349738542127045	3.871536499138271e-13
505	0.2985282812735512	-7.466278887613955e-13
506	0.18717146462126905	-5.142107131416179e-13
507	0.035178434506945855	-6.666089723455953e-13
508	-0.11431301798539405	-3.3437177954724496e-13
509	-0.22566068336775405	-1.3355491381143256e-12
510	-0.2942159961632602	1.1122320428450988e-14
511	-0.3461823320793599	-8.774836738021862e-13
512	-0.4162032769282121	2.778333173692858e-13
513	-0.5200911496345534	3.1414937876824316e-13
514	-0.6432724772149385	-8.069299644176689e-13
515	-0.7535437209891384	5.425220742322205e-13
516	-0.8283093590085311	-3.5335836694530777e-13
517	-0.8751547610157783	9.470543498155021e-13
518	-0.9289832443519038	4.145592159695368e-14
519	-1.026262020187686	8.678780334321605e-14
520	-1.1747396201618556	2.213229418590752e-14
521	-1.3419851251615953	3.542290536455148e-13
522	-1.473777562602644	-6.570595053110667e-13
523	-1.5318042999776629	6.16839397095052e-13
524	-1.5246402964221428	-5.181990199619211e-13
525	-1.5083875517268892	5.265688469510079e-13
526	-1.5531934434790522	-8.521494994929368e-14
527	-1.6960557266884588	-2.2345752860796985e-13
528	-1.9118431564875018	1.932362741104616e-13
529	-2.1242787710579787	4.228728696231265e-13
530	-2.2525221041921246	-5.876292626364939e-13
531	-2.264219831335542	2.6390233016597344e-13
532	-2.1997057878742954	-1.977301409502398e-14
533	-2.1496169927489945	9.049524348603304e-13
534	-2.19860959493214	-1.3358019181240632e-13
535	-2.370951794261458	3.9939241538528546e-14
536	-2.6136797389374107	6.749787993346822e-13
537	-2.829122007043805	8.85067074094312e-13
538	-2.936380533659662	-4.607336977482576e-13
539	-2.922172016066853	9.967396650627997e-13
540	-2.84821920222286	-4.445557771250562e-13
541	-2.8107969598330858	5.346578072626086e-13
542	-2.8792467020456853	-4.353433501035109e-13
543	-3.0535562374443477	4.2556918972699337e-13
544	-3.2678011816023287	4.900561788778102e-13
545	-3.435548302480717	7.79011816675547e-13
546	-3.505961488452936	1.3566983989290317e-12
547	-3.493505162924633	8.366456588957021e-13
548	-3.463180884003859	-3.6748596082286043e-13
549	-3.4836658801761935	-7.942909639307927e-14
550	-3.581643044091151	-3.8467500148501197e-13
551	-3.7281040794399716	-3.2086209236016184e-13
552	-3.863943719883201	4.572509509474295e-14
553	-3.9445860704713325	9.883136647382156e-13
554	-3.9709830825650747	1.0301066263481525e-12
555	-3.9853730855309837	6.696985057979429e-13
556	-4.036323953412343	-8.30691285332996e-13
557	-4.139907238726947	4.119752425366644e-13
558	-4.266370633166012	-8.103565378829998e-13
559	-4.362669453827644	-8.685521134581272e-13
560	-4.394439537159661	3.882700949568345e-13
561	-4.375904462800281	5.376911673794588e-13
562	-4.364066281819484	5.522962346087379e-13
563	-4.419181790359434	1.0099965722401453e-13
564	-4.558813761852763	-4.157950293504758e-13
565	-4.739235868785468	1.2459245813284996e-13
566	-4.8801615342260645	-1.4118606143873089e-12
567	-4.918403868368884	3.123237453645833e-13
568	-4.854320771024074	-6.06447330028065e-13
569	-4.757639132400636	-3.328831861565685e-13
570	-4.725695059100779	-1.4773587235770757e-13
571	-4.819809467378069	8.343987254758131e-13
572	-5.021966130143791	6.310512509758505e-13
573	-5.242159218961073	5.292651670548747e-13
574	-5.373794992583858	1.5593717934030275e-13
575	-5.3621634651928645	7.403645618534546e-13
576	-5.241194159293913	-1.222331780419664e-13
577	-5.11361959072573	1.508366404771545e-12
578	-5.086508741808651	1.5301616589444693e-12
579	-5.203549476658033	1.4088272542704584e-12
580	-5.417822349426785	-5.3477015393360307e-14
581	-5.62243224054393	1.3306339712583182e-12
582	-5.718696309236012	-4.4511751048002843e-13
583	-5.677529165325954	1.3593947190328986e-13
584	-5.554917227648912	4.114135091816921e-13
585	-5.453034380023452	6.390278646164567e-13
586	-5.45395301698783	6.468921315860686e-13
587	-5.569642658379284	7.374435484075988e-13
588	-5.739533185466475	8.041774709783048e-13
589	-5.874496099746321	6.100424234998875e-13
590	-5.915845573568038	-1.005952092084345e-12
591	-5.8698835520015535	7.048630138192071e-13
592	-5.797060789232789	-3.833268414330785e-13
593	-5.766383066985973	-3.588352671562874e-13
594	-5.8083762200134625	-3.2940043935574036e-13
595	-5.898733147466619	1.0374091599627921e-12
596	-5.981601245898972	6.969987468495952e-13
597	-6.013281768328033	-1.1549237778229914e-13
598	-5.9937353143188385	-2.1211051483752995e-13
599	-5.963573684506113	-6.426229580882793e-14
600	-5.970139702570942	-1.0834712950705185e-12
601	-6.028932751939346	-1.2609790352417565e-12
602	-6.109788760568892	1.678459264657149e-13
603	-6.158768335421689	-1.143689110723546e-13
604	-6.140067999336514	-4.3568039011649424e-13
605	-6.066779495886883	4.925278056396882e-13
606	-5.996431012761732	-9.929198782489882e-13
607	-5.992280862195248	-7.381176284335656e-13
608	-6.076650215991818	-1.875515325581422e-12
609	-6.209923005672377	-5.367923940115032e-13
610	-6.312306707742648	-9.915717181970548e-13
611	-6.3159263393295895	3.3883755971927455e-13
612	-6.212698772308497	1.5117368049013787e-12
613	-6.064506336236495	1.1063900159533873e-12
614	-5.966543169046436	-2.947976646894484e-13
615	-5.986300747464412	2.1116680280117655e-12
616	-6.118048931567729	6.895838665639613e-13
617	-6.283632691868666	9.100080350550809e-13
618	-6.380441839521995	-3.8669724156291213e-13
619	-6.346259282916094	5.900447160628747e-13
620	-6.199142046160865	3.7681073451540013e-13
621	-6.026395352429416	-5.5723948813249396e-14
622	-5.9296681972830525	7.639573627622901e-13
623	-5.961515945862514	1.0814490549926183e-12
624	-6.093899685392393	-1.2874928495964478e-13
625	-6.23793084419129	6.291413575689448e-15
626	-6.300947268015309	2.617677434170788e-13
627	-6.243598029985447	-4.291642831988159e-13
628	-6.100966026719101	-1.0333646798069917e-12
629	-5.956205991270007	5.713951686777952e-13
630	-5.886000767881457	-3.640032140220323e-13
631	-5.914050557606186	4.030998555281025e-13
632	-6.001448514051979	-9.151759819208258e-13
633	-6.077188993491146	7.693500029700239e-13
634	-6.08594959718131	-8.124911246318944e-13
635	-6.020862954922924	-1.5917276346494304e-12
636	-5.921452165545309	-3.628797473120878e-13
637	-5.841576749068506	-5.143230598126124e-13
638	-5.8118150488201845	-1.2634506620036345e-12
639	-5.822313040797097	-5.039871660811226e-13
640	-5.835829608299732	-1.52791472552458e-14
641	-5.818842432552754	-3.145706787844724e-13
642	-5.766682470423379	-1.2562604750599894e-12
643	-5.704566932554543	-9.751691042318644e-13
644	-5.665074945188471	-7.967625906926708e-13
645	-5.660168583838866	-1.5861103010997075e-12
646	-5.669633644794248	-9.558454768208182e-13
647	-5.655308140710005	3.640032140220323e-14
648	-5.59095859408525	-3.9905537537230213e-13
649	-5.4854320286695195	-1.1394199372257569e-12
650	-5.380794208606348	1.4330941352052607e-12
651	-5.324900189185587	5.055600194750449e-14
652	-5.336707544003338	-2.2244640856901975e-13
653	-5.389067834633617	-4.610707377612409e-13
654	-5.422707735654572	7.448584286932328e-13
655	-5.383847133497228	-2.2244640856901975e-14
656	-5.2609737902873235	3.8265276140711177e-13
657	-5.095616136150349	-9.29106969124138e-13
658	-4.958490653154595	-1.1987389795108287e-12
659	-4.9053357027680775	9.29556355808116e-13
660	-4.9407206329061735	5.426344209032149e-13
661	-5.013600539513842	-1.6604837972980365e-13
662	-5.048124871221087	1.7908059356516034e-13
663	-4.9904440198880105	-4.965722857954886e-13
664	-4.841906252288426	-1.7683366014527126e-13
665	-4.657803945371426	-1.0758317214428956e-12
666	-4.512868786857632	1.9089946335377695e-12
667	-4.455638087692138	5.794841289893959e-13
668	-4.480230089203505	-5.635309017081834e-13
669	-4.532272535163377	-5.952126629286196e-13
670	-4.543833711566651	1.7350819868383541e-12
671	-4.4744920735419536	-8.74955873704811e-13
672	-4.333160798819902	1.4978058176980664e-12
673	-4.168752174167955	1.6016141416969422e-12
674	-4.037790323457419	8.203553916015062e-13
675	-3.9706105630621535	-5.626321283402277e-13
676	-3.9567535481998033	1.1962673527489508e-12
677	-3.9563584534658225	-1.1405434039357014e-12
678	-3.927593506514764	1.1535756177710581e-12
679	-3.8513486394380436	-2.472076148561975e-12
680	-3.7384131070180846	5.3926402077338126e-14
681	-3.6173030680120757	4.11638202523681e-13
682	-3.5134628074968224	7.032901604252847e-13
683	-3.4345700159279113	-4.664633779689748e-13
684	-3.3704415278309874	1.030443666361136e-12
685	-3.304906080134661	-2.4590439347266183e-12
686	-3.229126037903057	-2.642393701789568e-13
687	-3.1463392618031416	1.6177920623201436e-14
688	-3.06567123659216	-4.318606033026828e-13
689	-2.991350314908918	-1.222331780419664e-13
690	-2.916879532970679	1.9395529280482614e-12
691	-2.8293700940598554	-1.3715281595002996e-12
692	-2.720881417061375	7.504757622429556e-13
693	-2.5976667844295176	-2.2177232854305305e-12
694	-2.4792333954716335	-3.2176086572811745e-13
695	-2.3864697184216963	-1.1477335908793465e-12
696	-2.326470615961043	-1.2951324232240706e-12
697	-2.284944231401385	-1.2897397830163368e-12
698	-2.2326100956977384	1.5315098189964028e-12
699	-2.142637167472285	-1.7310375066825537e-12
700	-2.0082876648286137	-2.58846729971223e-13
701	-1.8490392861067824	-6.80371439542416e-13
702	-1.7004173193885186	-1.2407566344627547e-12
703	-1.5931605538848832	-1.3324315179942294e-12
704	-1.5344001436213213	8.677656867611659e-13
705	-1.5026084240492925	-1.2025587663246402e-12
706	-1.459698262073783	3.559142537104316e-13
707	-1.373123446655069	-2.363773957723321e-13
708	-1.2347545571483192	-5.770125022275179e-13
709	-1.065377225970877	1.5652138202947391e-12
710	-0.9024248475837218	-1.2110971133202188e-12
711	-0.7784973027037856	2.0716726131377395e-13
712	-0.7033228701462948	-2.053697145778627e-13
713	-0.6592847068163876	5.437578876131594e-13
714	-0.612362781594274	-1.168405378342326e-13
715	-0.5315090661661259	1.7193534528991304e-12
716	-0.4052092208345111	-1.0816737483346073e-12
717	-0.2463664617402005	7.78787123333558e-13
718	-0.08376088591427698	1.57734726076214e-13
719	0.05422349843898564	9.616875037125299e-14
720	0.15428940217642126	-4.01751695476169e-13
721	0.22377853696909286	1.286594076228492e-12
722	0.2851061812562765	-4.853376186960431e-13
723	0.3630705161320509	8.691138468130994e-13
724	0.4722223468801793	-8.556322462937649e-13
725	0.6106190039345685	6.246474907291666e-13
726	0.762360110842674	6.426229580882793e-14
727	0.9066947886342704	-3.640032140220323e-13
728	1.0285506761551182	-7.850785369092475e-13
729	1.1252468019896005	7.837303768573141e-13
730	1.2065701369845006	-1.0367350799368254e-12
731	1.2888640572568868	3.168176122043615e-13
732	1.3865588302046925	1.6447552633588128e-13
733	1.5054546530535335	1.0425771068285371e-13
734	1.6408198016097972	-3.168176122043615e-13
735	1.7807574892283127	7.46880668771133e-13
736	1.9126777570989055	-8.623730465534322e-13
737	2.0293719315990666	3.806305213292116e-13
738	2.131724656567426	-7.500263755589777e-13
739	2.2271208881603894	8.6282243323741e-14
740	2.3249402373842027	9.616875037125299e-14
741	2.431876659860353	8.852917674363008e-14
742	2.5494988338385824	-1.0380832399887589e-13
743	2.6748196654366385	4.0220108216014683e-13
744	2.8028059022708103	-5.994818364264089e-13
745	2.928904232441199	2.7861974406624698e-14
746	3.0502179407220766	4.493866839778177e-13
747	3.1653508114516975	2.6199243675906773e-13
748	3.273991997108147	6.021781565302757e-14
749	3.377210841308873	4.655646046010191e-13
750	3.4783034082967457	4.0939126910379193e-13
751	3.582920413639648	2.5749856991928956e-13
752	3.6972373372939322	6.605984254473921e-13
753	3.824359967574894	6.246474907291666e-14
754	3.9610260195872975	3.8961825500876795e-13
755	4.097385695907997	1.4380373887290166e-14
756	4.221242149110956	3.3659062629938547e-13
757	4.325160443232931	4.3051244325074934e-13
758	4.412261633912881	8.313653653589628e-14
759	4.4963935536667154	1.9458443416239507e-13
760	4.595350380078894	6.430723447722572e-13
761	4.720345719136711	-1.5413963260439148e-13
762	4.868064370815505	5.563407147645383e-13
763	5.020891403969786	5.711704753358063e-13
764	5.156268619220841	3.4827468008280874e-13
765	5.260217617098651	2.2963659551266486e-13
766	5.336764790497257	-1.7885590022317144e-13
767	5.40683225038884	4.4758913724190644e-13
768	5.4964157398202635	4.592731910253297e-13
769	5.62079003548889	1.136498923779901e-12
770	5.774528388704407	3.680476941778327e-13
771	5.9339979376153975	2.772715840143135e-13
772	6.071349813275455	-5.752149554916067e-14
773	6.171613448375389	5.761137288595623e-13
774	6.242188277813721	2.026733944739958e-13
775	6.3085362000532506	1.1976155128008843e-12
776	6.398528033900668	5.051106327910671e-13
777	6.525184877277684	8.079972577921162e-13
778	6.678709169257321	6.727318659147931e-13
779	6.832853735760316	6.066720233700539e-13
780	6.961532364621053	-3.8242806806512284e-13
781	7.055045252826513	7.167717609446192e-13
782	7.125630350503908	-2.381749425082434e-14
783	7.199029665979086	1.343666185093675e-12
784	7.297796925517127	5.154465265225569e-13
785	7.427255860229037	6.516106917678356e-13
786	7.573013920083967	8.470938992981863e-13
787	7.71118294986161	6.170079171015437e-13
788	7.824166998847456	-7.850785369092475e-13
789	7.9115206861776235	-1.4874699239665765e-13
790	7.989044224617757	1.6896939317565944e-13
791	8.077327106354604	-9.706752373920862e-14
792	8.187883615478478	6.628453588672811e-13
793	8.316237780351903	-5.329726071976918e-13
794	8.446192408798888	3.595093471822542e-15
795	8.561743561349536	-2.157056083093525e-14
796	8.65806060154308	-1.0515648405080934e-13
797	8.744001040521932	-9.41465102933528e-13
798	8.8348447861766	9.464083564572841e-13
799	8.940842197717503	-5.010661526352668e-13
800	9.059929262758624	1.2439023412505994e-12
801	9.179733931183243	2.795185174342026e-13
802	9.287185984765005	6.376797045645233e-13
803	9.378549511952825	4.651152179170413e-13
804	9.462435834921441	2.0132523442206234e-13
805	9.553490069520079	-9.279835024141935e-13
806	9.661286352008894	1.6164439022682102e-12
807	9.782590701620974	-4.044480155800359e-15
808	9.902897309737604	-6.075707967380096e-13
809	10.0065328634355	3.3883755971927455e-13
810	10.08831997489942	7.001444536374399e-13
811	10.1583360336686	-9.796629710716426e-14
812	10.235887984183853	1.2973793566439596e-12
813	10.336375407576119	-1.0214559326815797e-12
814	10.459976212146973	1.8245099369499397e-12
815	10.590265058334142	6.426229580882793e-14
816	10.70432390243158	-1.730138733314598e-13
817	10.787990859917727	8.884374742241456e-13
818	10.846052303190945	1.5993672082770532e-12
819	10.900189964683603	-3.118743586806055e-13
820	10.975503870252028	1.8308013505256295e-12
821	11.08414545946351	3.55015480342476e-14
822	11.21680379627964	8.309159786749849e-13
823	11.34789300134326	1.0111200389500899e-12
824	11.451422519371015	-2.916519579016037e-13
825	11.517503680748538	-1.7076693991157074e-12
826	11.55889471085953	2.2195208321664415e-12
827	11.60330632078371	7.432855752993105e-13
828	11.676279754152153	6.594749587374475e-13
829	11.785425541936599	5.985830630584531e-13
830	11.915864261845382	-2.097737040808453e-12
831	12.03954573379999	1.185931459017461e-12
832	12.13241726316481	-1.6647529707958257e-12
833	12.188707755798035	-7.307027481479316e-13
834	12.223725713012168	7.217150144683752e-13
835	12.263945264689111	8.700126201810551e-13
836	12.330951166981375	-1.940901088100195e-12
837	12.429175393791663	1.1421162573296236e-12
838	12.544462532698656	-6.808208262263938e-13
839	12.653529916097376	-3.026619316590602e-13
840	12.737900556552566	-1.7485635873576886e-12
841	12.793800309207061	-4.213000162292041e-13
842	12.832707675848365	-1.3207474642108062e-12
843	12.87328092449927	1.9265207142129046e-12
844	12.930318550415866	-9.969643584047886e-13
845	13.007391664298776	1.5420704060698814e-12
846	13.096724599501961	-5.830792224612184e-13
847	13.185184976321946	-2.2042416849111957e-13
848	13.26195689944054	-2.5727387657730064e-13
849	13.32336284346757	9.504528366130843e-13
850	13.372882937558257	-1.8606855650101544e-12
851	13.417612042915291	1.91303911369357e-12
852	13.464100725163302	-1.023253479417491e-12
853	13.51599707749243	-8.65069366657299e-14
854	13.574002266894603	9.78314811019709e-13
855	13.63698557565945	1.2308701274152426e-12
856	13.70279792893122	-3.2629967123629342e-12
857	13.768294009136664	1.3661355192925658e-12
858	13.829274860428253	-4.974710591634442e-13
859	13.881396483580712	3.614192405891599e-12
860	13.922260537747098	-1.4155680545301257e-14
861	13.953603451832292	2.1211051483752995e-13
862	13.981840687127304	1.094705962169964e-12
863	14.01587300144913	1.8600114849841874e-12
864	14.062732849386107	-1.642058943254946e-12
865	14.123270990962178	2.9349444330591276e-12
866	14.190522824256238	-1.2838977561246251e-12
867	14.25221396431031	-3.1612106284419587e-12
868	14.296628330791078	3.3636593295739654e-13
869	14.319013017327554	-1.866078205217888e-12
870	14.325037951368138	-4.293889765408048e-13
871	14.32904962599629	-8.417012590904526e-13
872	14.347442498707522	-1.4434300289367505e-12
873	14.390147504027816	-5.302762870938249e-14
874	14.454593738210207	7.466559754291441e-13
875	14.52568500112076	-1.3618663457947766e-12
876	14.58252687742161	1.8027146827770158e-12
877	14.609079369745182	-1.957303702065385e-12
878	14.603404056115561	-5.738667954396732e-13
879	14.5802460131496	8.807979005965227e-13
880	14.564696719956844	7.426114952733437e-13
881	14.579393118326031	-1.8975352730963352e-12
882	14.631694573039677	1.1115579628191322e-12
883	14.708117163633444	-1.2971546633019708e-12
884	14.780020484815882	-1.5389246992820367e-12
885	14.818477694499194	-2.509824630016112e-13
886	14.810654159615215	1.0124681990020234e-12
887	14.76831487497187	-2.4048928393072914e-12
888	14.72279862792548	7.650808294722347e-13
889	14.70830512927882	-1.5771225674201512e-12
890	14.742455717657059	3.059199851178994e-12
891	14.815402444160146	5.446566609811151e-13
892	14.894415580797459	-1.6452046500427906e-12
893	14.942012254701249	2.2806374211874246e-13
894	14.937450261232522	1.417590294608026e-12
895	14.888942964725276	-4.835400719601319e-13
896	14.829104990774054	2.193905791179706e-12
897	14.796069974701679	-2.201994751491307e-14
898	14.811432603088459	7.055370938451738e-14
899	14.868187126669497	-6.603737321054031e-13
900	14.93575455412769	4.172555360734037e-13
901	14.978712868132257	-1.3324315179942294e-12
902	14.977536146902857	3.4820727208021205e-12
903	14.938751766719546	-2.1822217373962827e-12
904	14.888933190107041	2.0096572507488006e-12
905	14.857245012206983	5.684741552319394e-13
906	14.858143750411928	-1.4130964277682478e-12
907	14.88495440870751	1.3447896518036194e-12
908	14.917257848811353	-2.617902127512777e-12
909	14.935789581346487	-1.2133440467401077e-12
910	14.934142600562286	1.2582827151378896e-14
911	14.919771876464242	-3.046841717369604e-13
912	14.905033021504705	-2.2022194448332958e-12
913	14.896184014543422	6.401513313264013e-13
914	14.889236223297594	-1.0270732662313023e-12
915	14.875680793764952	-1.3984913605389686e-12
916	14.85293220972353	-3.597340405242431e-13
917	14.830137570796051	4.848882320120653e-13
918	14.823252549992871	1.7233979330549308e-12
919	14.84185117647588	-3.3906225306126343e-13
920	14.877621939147009	-1.880907965789156e-12
921	14.90484409927794	2.9297764861933827e-12
922	14.895245924767167	7.724957097578686e-13
923	14.838653842153054	2.90977877875637e-13
924	14.754801003040678	-4.48712603951851e-13
925	14.685797503502842	8.569804063456984e-13
926	14.67130610819976	-1.0783033482047736e-12
927	14.721264799024686	1.6641912374408535e-12
928	14.804819885255283	3.847873481560064e-13
929	14.86522450662702	-3.6153158726015436e-13
930	14.853730198529654	9.45621929760323e-13
931	14.761833291175416	2.571615299063062e-13
932	14.63034998481481	1.4626413096768021e-12
933	14.527380683682267	2.1211051483752994e-12
934	14.507193279085923	5.637555950501723e-13
935	14.575405959169503	1.327600611141468e-12
936	14.683233165116015	-1.77507740171238e-14
937	14.755828371161556	1.0991998290097422e-12
938	14.737924174281623	3.130652333931467e-12
939	14.628262416152966	1.923712047438043e-12
940	14.480769052755209	-1.7950751091493927e-12
941	14.371331433395252	1.9742680493855477e-12
942	14.35101693312159	8.902350209600569e-13
943	14.415292291010209	4.819672185662095e-13
944	14.508455187598766	1.7373289202582433e-12
945	14.559772518782145	6.838541863432441e-13
946	14.527604335945611	-6.538576251877248e-14
947	14.423277460372205	-1.1815499388486771e-12
948	14.30040315601511	1.878436339027278e-13
949	14.218207736700458	8.090083778310663e-13
950	14.203955449957476	5.064587928430006e-13
951	14.238901811805674	-2.5481348448252206e-12
952	14.275363046628259	1.3210845042237896e-12
953	14.271281182173096	1.7537315342234335e-13
954	14.217634602793954	1.6221735824889275e-12
955	14.140399636624528	-1.685874144942783e-12
956	14.077548625707365	-7.539585090437836e-13
957	14.049268942974493	-1.530386352286458e-12
958	14.043710763284189	2.1948045645476615e-12
959	14.028428487069409	-8.573174463586817e-13
960	13.97824343321885	4.653399112590302e-13
961	13.89774549999214	-2.1458214159940796e-13
962	13.820345636207161	7.969872840346597e-13
963	13.783257006089066	-1.6323971295494227e-13
964	13.79642471341386	7.685635762730627e-13
965	13.829386146206925	1.8357446040493853e-13
966	13.828260299853676	1.5026367245508279e-12
967	13.753275110261358	-1.4107371476773642e-12
968	13.61091212617936	-3.727100810241026e-13
969	13.456221770328273	1.1138610695745184e-12
970	13.360299592149417	1.7831101886884834e-12
971	13.362545926694088	-2.6295861812962005e-12
972	13.43990188088475	2.4261263601252435e-13
973	13.516037530775506	-3.1507623880394745e-13
974	13.507525771164788	1.195368579380995e-12
975	13.378414864887315	2.5811647660975905e-13
976	13.167040654500111	9.437120363534172e-13
977	12.965542697826839	-1.8447323377289417e-13
978	12.863201385141313	1.4870205372825987e-12
979	12.889244846252266	-7.697432163185045e-13
980	12.99244389438407	1.5792571541690459e-12
981	13.071769442368444	1.5601582200999885e-12
982	13.039334065839883	1.5621804601778888e-13
983	12.875514082394588	-1.1537722244452984e-12
984	12.640847254459217	-1.8759085389299027e-13
985	12.437186618418567	5.5752035480998006e-14
986	12.3434052325848	1.3557715388933274e-12
987	12.36710304300202	-1.834536877336195e-12
988	12.442741806528186	-1.4889304306895044e-12
989	12.475965300121702	4.699180381020543e-13
990	12.404025297419095	1.6217241958049495e-13
991	12.232862073687816	-1.1696973650587623e-12
992	12.02816643093879	-1.5710979771880735e-12
993	11.868828070305922	-9.123251851443415e-13
994	11.795441295277271	8.594520331075763e-14
995	11.788024155523999	-5.870956159492702e-13
996	11.78565772681758	-4.3182549496799706e-13
997	11.731756201814301	1.2690820388872314e-12
998	11.612187498087252	-8.04416207654168e-13
999	11.460328106243827	-1.6861128816186463e-12
