1000
0	11.898150283357593	-1.493782841397261e-12
1	11.762234982212222	-1.2797953472165934e-12
2	11.621202392422127	7.709368996978206e-13
3	11.482438826155024	7.77087879934767e-14
4	11.344371678192871	-7.46606823760584e-13
5	11.205032024752356	5.591493815393997e-13
6	11.066456086645056	3.319703694547385e-13
7	10.928596889774976	9.627267104192286e-13
8	10.790123783391822	1.6871661316592194e-13
9	10.652038142350285	9.784552443584523e-13
10	10.514674654135165	1.910623660267189e-12
11	10.377036956988347	-7.395219618209963e-13
12	10.239627831271644	-1.4342737752507024e-12
13	10.102933184310121	-3.8447839481077167e-13
14	9.966202417301684	9.225346888709626e-13
15	9.829629200079536	6.992456802694843e-13
16	9.69375226271375	-4.4284249039239073e-13
17	9.55802749823448	-3.269288125938624e-14
18	9.422439019646216	1.5734151272773342e-13
19	9.287520981828973	-3.0103290492964066e-13
20	9.152910952092713	4.774733517264314e-13
21	9.018449845592599	-2.509375243332134e-12
22	8.884629018847978	1.4565745894431017e-13
23	8.751246454884903	2.6818273833086215e-12
24	8.618050583867898	7.050315338256987e-13
25	8.48546383325474	-2.8882082179254345e-12
26	8.353423101389966	-2.403488505919861e-12
27	8.221625945156575	-7.021666937153401e-14
28	8.090409170073967	-7.097500940074659e-13
29	7.959825312674247	-6.183560771534771e-13
30	7.829556263353353	-1.8908506461721653e-12
31	7.6998441866990035	-8.229393650343787e-13
32	7.570832651400935	-1.0335893731489807e-13
33	7.44221691851066	1.0155015591188736e-12
34	7.314142764406847	-1.6846383315618442e-13
35	7.186819135940942	9.296687024791104e-14
36	7.059977910102165	4.52420044094668e-13
37	6.933672879747056	-1.005727398742356e-12
38	6.808152782377381	-4.656769512720136e-13
39	6.68320338943488	-8.633841665923823e-13
40	6.558796115782238	-3.971454819653964e-13
41	6.435195057204831	-1.4615178429668577e-12
42	6.312251094907004	-5.69597621941884e-13
43	6.189867185553581	-3.9186518842865703e-13
44	6.068300320516756	-5.5386908800266035e-14
45	5.947471877286701	-6.044250899501648e-13
46	5.827233291476657	-1.0652711343694168e-12
47	5.707815260348823	-5.007291126222834e-13
48	5.589209317697504	8.661928333672437e-14
49	5.471233980835528	-9.808987844525815e-13
50	5.354078420021968	7.810340567534471e-13
51	5.237798978074802	1.0049409720453948e-12
52	5.12220045011655	-7.646314427882568e-13
53	5.00741964348171	-1.8014788693960768e-12
54	4.8935681405882	8.1338989799985e-14
55	4.780455224185126	2.815407575121028e-13
56	4.6681596065164195	-3.604081205502098e-13
57	4.5568350413883385	-1.7177805995052082e-13
58	4.446311792312556	-6.686873857589928e-13
59	4.336609362427937	-6.161091437335881e-13
60	4.2279086156094	4.871351654319544e-13
61	4.1200742206709515	-5.229737534791854e-13
62	4.01306997961137	-3.4175857316513037e-13
63	3.9070877739737884	-1.5681348337405948e-12
64	3.802036580765336	-2.285131288027203e-13
65	3.6978320155515667	-1.3571477856130093e-13
66	3.594661085378485	-1.1395322838967512e-12
67	3.492482778085443	-4.4612863051897853e-13
68	3.3911753318659663	-1.7840651353919363e-13
69	3.290906196209714	-1.328836424522407e-12
70	3.1916859751138733	-1.3108609571632943e-12
71	3.0933685531089297	1.343666185093675e-13
72	2.9960895103459895	-1.7801330019071305e-12
73	2.899908336619457	-2.2439000597722384e-12
74	2.8046688628909293	-9.234896355744153e-13
75	2.7104655994171427	-3.1007681194469423e-13
76	2.617400507766854	4.725300982026753e-13
77	2.5253216892108687	-3.8310214809108957e-13
78	2.434277012423145	-1.1502052176412244e-12
79	2.344401289753675	-1.4793809636549758e-12
80	2.255560360812677	-2.453651294518885e-13
81	2.1677537629603214	-1.5391493926240257e-13
82	2.081137226303868	4.538805508175959e-14
83	1.9956058622682136	-2.685085436767461e-13
84	1.9111130314789762	1.72564486647482e-13
85	1.8278222491935925	-1.590154781255508e-12
86	1.7456665468098094	-1.0951553488539418e-12
87	1.6645590342912637	-2.8131606417011386e-13
88	1.5846573169088254	-4.0714433568390285e-13
89	1.505937934886062	-1.2248034071815422e-12
90	1.4282825022348862	-4.026504688441247e-13
91	1.351830045494968	1.9164095138234038e-12
92	1.2766023180766508	3.4894876010877543e-13
93	1.202460661018574	4.010776154502023e-13
94	1.129514443770407	6.859887730921387e-13
95	1.0578286162680157	-9.75843184257831e-13
96	0.9872569458293736	-6.086942634479541e-13
97	0.917870573345647	3.320967594596073e-13
98	0.8497720632654571	8.965264345357464e-14
99	0.7828208435920408	-2.3318675031608962e-12
100	0.7170442540546302	-2.03032903821178e-12
101	0.6525740437332567	-2.5158913502498122e-12
102	0.5892876721091954	3.617562806021432e-14
103	0.5271669564856001	9.78314811019709e-13
104	0.46636172066587583	-1.367933066028477e-12
105	0.4067785519585917	-8.129405113158722e-13
106	0.3483555101034675	8.201306982595173e-13
107	0.29124798050831585	4.06694948999925e-14
108	0.23540018294182263	-2.9075318453364805e-13
109	0.18071193846545824	-5.985830630584531e-13
110	0.12733100813120726	8.003576841644933e-13
111	0.07524480239526943	-4.1500860265351464e-13
112	0.024323416172743004	-2.7450785590784993e-12
113	-0.025305683895571758	-1.967190209112897e-12
114	-0.07360992383898834	-3.875960149308678e-13
115	-0.12073790191967518	1.0645970543434501e-12
116	-0.16659363688349765	-1.5595964867450163e-12
117	-0.21110113817468507	-1.0513401471661046e-12
118	-0.2544149151546022	7.032901604252847e-14
119	-0.29647938432477605	-1.0686415344992505e-12
120	-0.33718067212102315	1.0639229743174834e-12
121	-0.3766655774338088	-1.777324335132269e-13
122	-0.414924780722649	-4.087171890778252e-13
123	-0.45181524693630365	-1.2266009539174535e-12
124	-0.48746293627711024	-1.3104115704793164e-12
125	-0.5219069275310564	-4.624188978131744e-13
126	-0.5549865884177151	-1.0688662278412395e-12
127	-0.5867950733042244	-4.78147431752398e-13
128	-0.6174182899390884	2.5165654302757793e-14
129	-0.646691365293628	-4.725300982026753e-13
130	-0.6746651575566711	-2.038193305181392e-12
131	-0.7014667114387184	-3.799564413032449e-13
132	-0.7269413788818395	4.0332454887009137e-13
133	-0.7510912628115557	-5.5723948813249396e-14
134	-0.7740753833962382	1.0627995076075389e-12
135	-0.7957635244202951	1.839115004179219e-12
136	-0.8161064210677116	-3.3928694640325233e-14
137	-0.8352827334365683	1.2632259686616455e-12
138	-0.8531998416903414	-6.513859984258467e-13
139	-0.8697585210540055	1.5795941941820293e-13
140	-0.8851424894024805	-7.089074939750074e-13
141	-0.8993074741982402	-1.0410042534346148e-12
142	-0.9121101222045077	1.096728202247864e-12
143	-0.9237233305092037	-3.019878516330935e-13
144	-0.9341586858393449	7.729450964418464e-14
145	-0.9432385607845443	-1.772830468292491e-13
146	-0.9511089642874162	-4.637670578651079e-13
147	-0.957840803977877	1.1358248437539342e-12
148	-0.9632357400064309	-1.0987504423257642e-12
149	-0.9673977224506426	-7.947403506147706e-13
150	-0.9704560605936382	-1.6919408651764837e-13
151	-0.9722080175397557	1.1414421773036569e-12
152	-0.9727025927039497	-8.65069366657299e-14
153	-0.9721215428555516	6.787985861484936e-13
154	-0.9702761717275957	-2.058191012618405e-13
155	-0.9671507898736534	-7.127272807888189e-13
156	-0.9629690264435873	7.954144306407374e-14
157	-0.9575751809558883	3.4647713334689746e-13
158	-0.9508837034619754	-1.4701685366334305e-12
159	-0.9431446741973665	-1.3272635711284845e-12
160	-0.934254208715977	7.012679203473845e-13
161	-0.9240565112924962	-1.3998395205909022e-13
162	-0.9128089440069902	-1.508815791455523e-12
163	-0.9004763632962467	-1.1059406292694093e-12
164	-0.8868380392666885	9.061882482412694e-13
165	-0.8721362730449181	1.2513172215362335e-12
166	-0.8564185561911618	-1.9955015702034993e-12
167	-0.8394104326395383	-1.0437005735384815e-12
168	-0.821314756062219	4.754511116485311e-13
169	-0.8022711959117604	1.8352952173654074e-12
170	-0.7819690247987897	-1.0875157752263189e-13
171	-0.7605458887648341	7.437349619832882e-14
172	-0.7382381478422925	-7.88898323723059e-13
173	-0.714721948313442	5.531950079766936e-13
174	-0.6900442238834547	-1.1998624462207733e-13
175	-0.6645361720509695	-5.149971398385791e-13
176	-0.6378899408500741	-6.33635224408723e-13
177	-0.6100370701891967	1.7346326001543764e-13
178	-0.5813946963472622	2.5444274046824037e-12
179	-0.5517060986397276	7.095815740009741e-13
180	-0.5207642148786629	-8.106935778959832e-13
181	-0.4890553894093475	-1.1369483104638787e-12
182	-0.4564156309467696	-9.7606787759982e-13
183	-0.4224777701031882	1.8200160701101616e-13
184	-0.3877712587039694	9.625862770804856e-13
185	-0.3522756400226309	-5.42409727561226e-13
186	-0.3154423106225624	-5.27579966989958e-13
187	-0.277805658902899	-6.453192781921462e-13
188	-0.23955501633804038	3.231090257800509e-13
189	-0.19993563252513188	1.3122091172152277e-13
190	-0.1594293899772368	1.3486094386174309e-12
191	-0.11853503140240111	2.1193076016393884e-12
192	-0.07625236181054862	1.4268027216295711e-12
193	-0.03291230906957329	-5.388146340894034e-13
194	0.010487420290054873	5.091551129468675e-13
195	0.055281008415531005	1.5081417114295562e-12
196	0.10151888368356035	-4.2826550983086026e-13
197	0.1471681139618523	-5.698223152838728e-13
198	0.19420089157154444	-1.0223547060495352e-12
199	0.24419290373263552	-1.5953227281212528e-12
200	0.2897608933546095	-5.334219938816696e-13
201	-1.7786353377898325	-2.4042187592813246e-13
202	-2.608838997578643	-4.179296160993705e-14
203	-1.6787722538465157	-5.729680220717175e-13
204	0.495246468189763	8.066490977401827e-13
205	2.6685802947522514	-9.693270773401527e-13
206	3.6005974066429687	5.2128855341426856e-14
207	2.7765047097729627	1.728341186578687e-12
208	0.7096626533923254	-1.752608067513489e-13
209	-1.356314397648661	2.0626848794581831e-13
210	-2.1784786758663457	-1.079876201598696e-12
211	-1.2431356830142817	3.9006764169274575e-13
212	0.935470791270959	-6.45768664876124e-13
213	3.1151581343116894	-2.0698750664018284e-12
214	4.052507107299852	-6.062226366860761e-13
215	3.232964720077638	-4.929771923236661e-13
216	1.1717602627121024	-9.603393436605964e-13
217	-0.8890378017682228	-8.807979005965227e-13
218	-1.7068327903559903	3.774848145413669e-14
219	-0.766400108172172	-5.194910066783573e-13
220	1.4171509720905853	2.255921153568645e-13
221	3.6009923955919536	3.244571858319844e-13
222	4.542946608849225	2.233451819369754e-13
223	3.7280646948834	-6.947518134297062e-13
224	1.6707853738638248	-7.311521348319094e-13
225	-0.3858565067477003	-1.8029393761190046e-12
226	-1.1993116886115833	-2.2914227016028925e-12
227	-0.25519229484583333	-1.234914607571043e-12
228	1.9320915800733327	1.5054453913256893e-13
229	4.11992347267268	-3.644526007060102e-13
230	5.065316243351832	9.796629710716426e-14
231	4.253765276699181	-6.008299964783422e-13
232	2.20010446140163	-4.439940437700839e-13
233	0.14664150850909166	-5.172440732584682e-13
234	-0.6638652355948523	1.294233649856115e-13
235	0.2834836159389715	1.0039298520064448e-12
236	2.4736732201017197	6.107165035258543e-13
237	4.664088609745986	-9.522503833489958e-13
238	5.612309822375855	1.900006899858213e-12
239	4.8033760294350225	1.0097718788981564e-12
240	2.751949445783377	-1.0174114525257793e-12
241	0.7009068872036743	-2.8410226161077634e-12
242	-0.10728777509385062	-1.0924590287500748e-12
243	0.8419593655522389	2.0222400779001796e-14
244	3.034159000515849	-1.0488685204042264e-12
245	5.226564287285432	-6.916061066418615e-13
246	6.176358501474975	-1.3522045320892535e-12
247	5.369026340349705	-6.394772513004346e-13
248	3.3192507076965074	-3.842256148010341e-13
249	1.2694636208349857	1.0717872412870952e-12
250	0.462467810022629	-3.752378811214778e-13
251	1.4130113180739918	-2.849111576419364e-13
252	3.6061533901152503	4.224234829391486e-13
253	5.799363453482287	-1.6353181429952786e-12
254	6.750085740588438	-1.6501479035665465e-12
255	5.943384374182878	-5.338713805656474e-13
256	3.8940303365146334	1.0956047355379195e-12
257	1.8447918413894684	5.725186353877398e-13
258	1.0381136723123292	-2.671603836248126e-12
259	1.9887079624248298	-2.097737040808453e-12
260	4.182011135606798	1.3921999469632793e-12
261	6.375221530670222	-2.260415020408423e-13
262	7.325636649611778	2.0132523442206234e-13
263	6.518704413972266	-2.4734243086139086e-12
264	4.469027210762375	6.286919708849669e-13
265	2.419136255551325	6.471168249280575e-13
266	1.6118343053789712	-1.2636753553456235e-12
267	2.561774328085502	-4.5073484402975114e-13
268	4.754091381864583	-2.210533098486885e-12
269	6.946287846206915	4.78147431752398e-13
270	7.895709465114519	-9.78314811019709e-13
271	7.087467453108945	1.927868874264838e-13
272	5.036392270344914	-1.4681462965555305e-12
273	2.985160446619499	-3.644526007060102e-13
274	2.1762330928900866	-1.1648102848705034e-12
275	3.124400169417973	-1.3445649584616307e-12
276	5.315021957764232	-4.345569234065497e-13
277	7.505283079207974	1.4020864540107912e-13
278	8.452568192421355	2.29187208828687e-12
279	7.642271029754952	1.145936044143435e-12
280	5.588953930813699	8.322641387269184e-13
281	3.535235242961238	-4.651152179170413e-13
282	2.723889656303612	8.673163000771882e-14
283	3.6695094122678347	6.291413575689448e-14
284	5.857308051480212	-9.36521849409772e-13
285	8.044787379191382	-1.9903336233377544e-12
286	8.989219016811118	-1.168405378342326e-12
287	8.175776854292545	-1.4847736038627097e-12
288	6.119316946906687	-1.9961756502294663e-12
289	4.062436474887873	-8.515877661379645e-13
290	3.247637962234698	-1.3378241582019633e-12
291	4.189759545494257	7.769895765976468e-13
292	6.374085108075911	-8.911337943280125e-13
293	8.557816381016748	9.778654243357313e-13
294	9.498403213770123	-1.5005021378019334e-12
295	8.681173556265717	-5.451060476650929e-13
296	6.620681635829523	4.875845521159322e-13
297	4.559621273346126	-1.1126814295290767e-12
298	3.740718193264232	-9.823592911755095e-13
299	4.67853306359003	-7.823822168053806e-13
300	6.858357514054104	-8.327135254108962e-13
301	9.03766584373366	-1.8698979920316993e-12
302	9.973678302107684	9.437120363534172e-14
303	9.151641926484412	9.041660081633692e-13
304	7.0864092206654234	-4.435446570861061e-13
305	5.020511821958529	-3.177163855723171e-13
306	4.196513200102856	-5.513974612407823e-13
307	5.1292723505068825	1.6627307307179256e-13
308	7.304000122940819	1.1504299109832133e-13
309	9.47794122846621	6.156597570496103e-13
310	10.408588678132398	1.168405378342326e-13
311	9.581197472392853	-2.1516634428857913e-12
312	7.510342756169971	-7.163223742606414e-13
313	5.438779626105031	1.420061921369904e-13
314	4.609168436161701	9.189957687346372e-13
315	5.536066718081111	2.0402155452592923e-13
316	7.704839573115973	-1.493761337542266e-12
317	9.872910401826504	-1.7274424132107313e-12
318	10.797472494843788	-1.8433841776770082e-12
319	9.963851545672776	1.0475203603522932e-12
320	7.886869117878551	6.543070118717026e-13
321	5.809008502564065	5.531950079766936e-13
322	4.972909499276056	1.444328802304706e-12
323	5.893423823061239	7.693500029700239e-13
324	8.055697273723153	1.2924361031202037e-12
325	10.217040882468885	7.032901604252847e-13
326	11.134965631582244	5.713951686777952e-13
327	10.294651176696712	-2.011005410800734e-12
328	8.210722000060533	3.9298865513860157e-13
329	6.125975764704452	2.0357216784195143e-13
330	5.282994732442303	1.0043792386904226e-13
331	6.19636329856297	2.4442141741553506e-12
332	8.351510601119399	-9.841568379114207e-13
333	10.50578731718778	1.2290725806793315e-13
334	11.416387626603713	-7.318262148578762e-13
335	10.568717165579676	6.300401309369004e-13
336	8.477538468933702	-4.608460444192521e-13
337	6.385308366562883	-8.55182859609787e-13
338	5.534755418308823	-1.7782231085002247e-12
339	6.440693048944615	1.1099851094252097e-12
340	8.588214790597899	1.4793809636549758e-12
341	10.734720545802183	1.1666078316064149e-12
342	11.63770959779803	-2.016173357666479e-12
343	10.782287409489237	-1.299176903379871e-12
344	8.683158364161589	8.893362475921012e-13
345	6.583138429215267	-2.946179100158573e-12
346	5.724720415710788	4.516336173977068e-14
347	6.6225503160209565	1.9525851418836178e-13
348	8.762106689993676	1.915735433797437e-12
349	10.900643977549816	-1.3668095993185325e-12
350	11.795391679406585	4.1006534912975867e-13
351	10.931833682461608	6.859887730921387e-13
352	8.824639837296326	4.779227384104091e-13
353	6.716269577143428	-1.5840880610218074e-13
354	5.849553208272292	-1.3391723182538968e-12
355	6.739226200124866	-1.368382452712455e-13
356	8.870348023555705	6.898085599059502e-14
357	11.000435559043375	1.3272635711284845e-12
358	11.886936016536753	3.455783599789418e-13
359	11.014883345803796	-9.497787565871178e-13
360	8.899103071282623	-2.660369169148681e-13
361	6.782395058706038	1.3966938138030574e-12
362	5.907146315993551	1.530835738970436e-12
363	6.788114736703692	-1.3566983989290317e-12
364	8.91080685073442	3.4580305332093073e-13
365	11.032344416954068	1.9413504747841724e-12
366	11.91004445380805	-3.291757460137515e-13
367	11.029468147360296	-9.41465102933528e-13
368	8.905137223937547	1.858213938248276e-12
369	6.779558814087777	5.392640207733813e-13
370	5.895690865199891	7.095815740009741e-13
371	6.768121241233177	6.823936796203161e-13
372	8.881902142157848	2.632731888084045e-12
373	10.994724271687314	1.4548893893781848e-12
374	11.863907996117735	4.583744176573741e-14
375	10.974411637948297	-1.3144560506351167e-13
376	8.841270269147161	-2.4410684673675057e-12
377	6.707201999812578	1.2194107669738083e-12
378	5.8144395836532015	-2.161549949933303e-13
379	6.677967981359114	1.1949191926970173e-12
380	8.783285575119743	-8.810225939385117e-13
381	10.887275540590945	1.9098934069057252e-13
382	11.747471779055024	3.680476941778327e-13
383	10.849533769896674	-1.878436339027278e-13
384	8.7076619512976	6.080201834219873e-13
385	6.564528979978191	-2.141776935838279e-12
386	5.663336049376971	-1.0221300127075464e-12
387	6.518279651094456	-2.3781543316106114e-12
388	8.614464323659757	1.7903565489676258e-12
389	10.710017007476251	1.2367121543069543e-12
390	11.561828280022024	9.526997700329736e-14
391	10.654694258596733	1.1034690025075314e-12
392	8.504347578188021	3.1439092411088126e-12
393	6.353112060931127	1.9613481822211854e-12
394	5.442645110292058	1.4490473624864732e-12
395	6.289014278416011	2.7098017043862406e-13
396	8.377566383681783	-7.612610426584232e-13
397	10.463643083959965	-2.9839275816127096e-13
398	11.30659152157112	6.053238633181204e-13
399	10.39328470373371	1.0490932137462154e-12
400	8.231074153354543	6.412747980363458e-13
401	8.195717562210861	-7.302533614639538e-14
402	8.154107132422483	1.1542496977970248e-12
403	8.113619126153221	-6.181313838114883e-13
404	8.072671158189502	3.6647484078391033e-13
405	8.029284554751387	1.826756870369829e-12
406	7.985486176644558	2.7733899201691018e-12
407	7.941219719773646	1.92944172765876e-12
408	7.895145443391311	3.5186977355463124e-13
409	7.848255812350734	8.796744338865782e-13
410	7.800876784131967	1.4917390974643658e-12
411	7.752003536986447	9.926951849069993e-13
412	7.702130421270921	8.675409934191771e-13
413	7.6517352743124905	5.864496225910521e-14
414	7.60005957729966	4.022010821601468e-14
415	7.547289170076548	-1.8063097762488382e-12
416	7.493955282710917	-8.55407552951776e-13
417	7.439506428231772	-1.721150999635042e-13
418	7.383919639643976	-4.911796455877547e-13
419	7.32772205182605	-8.014811508744378e-13
420	7.270544542090718	1.8328235906035295e-12
421	7.212221455590642	6.331858377247451e-13
422	7.153237788850426	-1.0929084154340526e-12
423	7.0933854048837155	-1.7031755322759291e-13
424	7.032406823862969	-9.234896355744154e-14
425	6.970718773251544	2.0159486643244904e-12
426	6.908252541391624	1.3998395205909022e-13
427	6.844700525156293	-1.914724313758487e-12
428	6.780394340073482	-1.1693041517102816e-12
429	6.715381662672324	-2.5923994331970358e-12
430	6.64933973335156	-7.413756818924047e-13
431	6.582506246699625	-2.7861974406624698e-14
432	6.515020511400818	7.244113345722421e-13
433	6.446573768510041	-7.822698701343862e-13
434	6.377307984403811	5.897076760498913e-13
435	6.307428535938424	4.555657508825127e-13
436	6.236663850101543	1.755079694275367e-12
437	6.165064569747138	-1.9391035413642833e-13
438	6.092876492376854	-5.32523220513714e-14
439	6.019882659434324	3.1906454562425056e-13
440	5.9460519657808835	-4.83090685276154e-15
441	5.871646167203604	2.0761664799775178e-13
442	5.796514104905866	-4.8084375185626497e-14
443	5.720556845553789	1.7164324394532747e-12
444	5.644029730517009	1.4088272542704586e-13
445	5.5668527572862425	1.4503955225384066e-13
446	5.488876101475763	9.695517706821417e-13
447	5.410329470349241	1.735756066864321e-13
448	5.331203647697292	1.0228040927335132e-12
449	5.25131664083499	9.657319838683303e-13
450	5.170857200023182	1.485110643875693e-12
451	5.089881638074949	-2.3210822227454287e-13
452	5.008194780116453	3.674073181531643e-12
453	4.925933853480465	-8.924819543799459e-13
454	4.843210950590109	-2.7300241051652424e-14
455	4.759836104185695	-2.6631778359235423e-12
456	4.675889016511689	-1.701153292198029e-12
457	4.59152470138654	-1.9593259421432851e-13
458	4.506574802311351	1.2068279398224294e-12
459	4.421060472430345	5.163452998905125e-13
460	4.335164465607762	-8.295678186230515e-13
461	4.24875349066904	-1.3762467196820668e-12
462	4.161793689611922	-5.382529007344312e-13
463	4.074479463970611	-1.6274538760256667e-12
464	3.986722520763289	-5.825174891062462e-13
465	3.8984414155513547	9.206247954640569e-13
466	3.809826305377901	2.855290643324059e-13
467	3.72083962808438	-2.698005303931823e-13
468	3.6313631918644607	9.931445715909771e-14
469	3.5415682562096666	3.975948686493742e-13
470	3.45146944511337	1.5548779265632492e-13
471	3.3609249031100656	-7.951335639632512e-13
472	3.2700746803458705	-7.704734696799684e-13
473	3.1789829166195	-1.0623501209235611e-12
474	3.087498302889519	-1.4280385350105103e-12
475	2.9957205394168827	-8.50969859447495e-13
476	2.903756747766997	2.4211831066014875e-12
477	2.811460639209359	-1.303895463561638e-12
478	2.7188857824239827	1.3127146772347028e-12
479	2.626172899754915	-6.61834238828331e-13
480	2.533193950811447	3.600149072017292e-13
481	2.439954832963171	2.5592571652536717e-13
482	2.346617846304835	-8.859658474622676e-13
483	2.2530847922674275	-5.492067011563905e-13
484	2.1593160514771044	1.645036130036299e-13
485	2.0654822191942293	4.911796455877547e-13
486	1.971523706814647	-7.313487415061497e-13
487	1.877361124289945	-1.808444362997733e-12
488	1.7831599069077657	-1.8212518834911007e-12
489	1.6889045148888115	-4.0725668235489727e-14
490	1.59448463223705	5.53307354647688e-14
491	1.500047715495199	-1.4995752777662291e-12
492	1.4056239780762267	3.5994469053235765e-13
493	1.311083491015374	6.862555964357506e-13
494	1.2165445337684018	9.393726461862563e-13
495	1.1220811462664229	-1.0489527804074724e-12
496	1.0275564258292311	-3.658077824248808e-13
497	0.933050873345772	-6.479102732919558e-13
498	0.838676803262999	3.719376976610157e-14
499	0.7443034235909016	-8.089399165784291e-13
500	0.6499681240537558	-1.2010333091825436e-12
501	0.5558128237320498	-1.2278262347979867e-12
502	0.46172536210963794	1.1088265343805794e-12
503	0.3676981164851833	-1.3098357937904698e-12
504	0.27389162066556033	9.59222898617589e-13
505	0.18022335195931682	-1.3007216701060448e-12
506	0.08664247010265752	7.620474693553844e-13
507	-0.006684449490438012	1.1255451233579417e-12
508	-0.0998017570587715	-6.669179256908301e-13
509	-0.19279805153416216	-1.2816227360369874e-12
510	-0.28551384186812323	-1.4354534152961442e-12
511	-0.37794986760788046	-1.6715499443909901e-12
512	-0.4702239138283656	5.97796636361492e-13
513	-0.562196333895512	5.280574403416844e-13
514	-0.6538221938377005	1.4099507209804031e-14
515	-0.7452375219180581	6.818319462653439e-13
516	-0.8363336468850515	-2.507718129934966e-12
517	-0.927021828174413	1.891665159536875e-12
518	-1.0174435551537506	4.0186404214716346e-13
519	-1.1075301043249774	4.0630173565144443e-13
520	-1.1971543721214244	7.020543470443457e-13
521	-1.2864497174324	9.218044355094986e-13
522	-1.3753932607233408	1.1094233760702374e-13
523	-1.4638283169360957	-3.3765791967383277e-13
524	-1.5518669562749547	4.0079674877271616e-13
525	-1.6395343975310275	3.9804425533335203e-13
526	-1.7266558184159655	3.1159349200311934e-13
527	-1.8133102433034523	-1.7217127329900141e-12
528	-1.8995691799373755	1.3391723182538968e-13
529	-1.985253295294029	1.4155680545301257e-13
530	-2.0703988375549542	-1.8688306986572522e-12
531	-2.155118181436114	-7.044136271352293e-14
532	-2.239241828884194	9.738209441799309e-13
533	-2.3227569128108576	6.864381597761165e-14
534	-2.4058073933977537	-5.546555146996215e-13
535	-2.488247964421237	1.542238926076373e-12
536	-2.570014001067496	2.226711019110087e-12
537	-2.651268773437609	-9.385440894876723e-13
538	-2.7319042116899857	-1.9383171146673224e-12
539	-2.8118054910567416	2.3008598219664266e-13
540	-2.891140669404418	-9.379823561327e-13
541	-2.969849634198576	6.838541863432441e-13
542	-3.047773192203825	-1.5120738449143622e-12
543	-3.1250682805121697	-5.860002359070743e-13
544	-3.2017304058421954	5.5948642155238305e-14
545	-3.2775658307867674	2.16626851011507e-12
546	-3.352704274286726	2.038417998523381e-12
547	-3.4272003839785734	4.910672989167603e-13
548	-3.5008394400086784	1.6412725165579847e-12
549	-3.573708922448266	8.130528579868667e-13
550	-3.645921580593563	4.2691734977892684e-13
551	-3.71725811753783	-1.0884145485942744e-12
552	-3.787750792704859	-5.249959935570856e-13
553	-3.8575647128578194	1.7028384922629457e-12
554	-3.926494291728123	1.2049180464155236e-12
555	-3.99450706987319	4.481508705968787e-13
556	-4.061809666442423	-1.9806718096322316e-12
557	-4.128229490956063	-1.4436547222787395e-13
558	-4.193663923463488	-1.4916267507933713e-12
559	-4.258345944197048	-3.2569299921292337e-13
560	-4.322154598716869	-8.763040337567445e-13
561	-4.384916901295433	1.0185349192357238e-12
562	-4.446873024007321	1.01516451910589e-12
563	-4.507970573293953	7.539585090437836e-13
564	-4.567971509266679	-4.283778565018547e-13
565	-4.627100883043109	1.2341281808740818e-12
566	-4.685388756190437	-4.717436715057141e-13
567	-4.742543392638573	3.6332913399606564e-13
568	-4.79875018606085	-6.972234401915841e-13
569	-4.854131435911676	-2.1514387495438023e-13
570	-4.908358924796849	-3.187275056112672e-13
571	-4.961552838767276	-1.3541144254961592e-12
572	-5.013932137841679	7.833933368443307e-13
573	-5.065155478311807	4.330964166836218e-13
574	-5.115252213884548	-1.0037051586644558e-12
575	-5.1645361720535785	-2.1413275491543013e-13
576	-5.212681950853389	9.868531580152876e-13
577	-5.259603540189096	4.548242628539493e-12
578	-5.305700706346692	1.5634162735588277e-12
579	-5.3506991486413735	1.5463395795676708e-12
580	-5.394374314880228	1.5413963260439148e-13
581	-5.4371951494089155	2.120880455033311e-12
582	-5.478980200945015	1.8085567096687274e-12
583	-5.519344810101196	-1.4193878413439372e-12
584	-5.5588010587053205	-1.0677427611312948e-12
585	-5.597311030023895	1.53825061925607e-12
586	-5.63430884062111	-8.495655260600644e-13
587	-5.6703114489035675	-1.0104459589241231e-12
588	-5.705490936340913	3.071557984988384e-13
589	-5.739075242524334	2.018869677770346e-12
590	-5.771528999976436	-2.132339815474745e-13
591	-5.803333761402773	7.36994161723621e-14
592	-5.833472141812998	-5.84202689171163e-14
593	-5.862257999070879	1.6258810226317445e-12
594	-5.8906719397082785	1.434666988599183e-12
595	-5.917362711585094	1.575549714026229e-12
596	-5.942262996315417	1.2663716754494902e-12
597	-5.967388716038107	-2.1855921375261166e-12
598	-5.990750908428982	-7.500263755589777e-13
599	-6.010756996265037	6.830677596462829e-13
600	-6.034773586644759	-1.047745053694282e-12
601	-6.051003797788411	-2.534091510950914e-12
602	-6.07123529757905	-1.913713193719537e-12
603	-6.088092333847386	7.246360279142311e-13
604	-6.103158221808155	-6.381290912485011e-13
605	-6.118412775247719	9.585417969246852e-13
606	-6.131830873355388	2.7839505072425804e-13
607	-6.143470680224965	-6.53408238503747e-13
608	-6.1546742766083735	-3.101891586156887e-12
609	-6.164451867650754	-5.81731062409285e-13
610	-6.172480495866288	-6.18580770495466e-13
611	-6.179768373014287	-8.754052603887889e-13
612	-6.1858248387306105	1.5458901928836928e-13
613	-6.190176165689445	1.8546188447764536e-12
614	-6.193585312699805	-2.943482780054706e-13
615	-6.19587117992251	7.190186943645083e-15
616	-6.196507727289636	8.882127808821567e-13
617	-6.196051811767479	5.410615675092925e-13
618	-6.194532340354395	-1.6155451289002546e-13
619	-6.191428298174118	1.0225793993915242e-12
620	-6.187115347909398	1.3362513048080409e-12
621	-6.181766014409563	6.563292519496028e-13
622	-6.174902501150381	1.3171523707389837e-12
623	-6.1667404751148185	1.2337911408610986e-12
624	-6.1575453961369995	-1.2207589270257418e-12
625	-6.146908696747758	-1.3841109866516785e-13
626	-6.134907668610375	2.491849162656999e-13
627	-6.121858884843811	4.3545569677450537e-13
628	-6.107439939925825	-2.982354728218787e-12
629	-6.091612757328462	-1.6402613965190346e-14
630	-6.0747100566496846	-4.16581456047437e-13
631	-6.056504343301289	3.658007607579436e-13
632	-6.0368668985981015	1.0405548667506368e-12
633	-6.016117431486872	-2.368267824563099e-13
634	-5.994125225595067	-9.459589697733062e-13
635	-5.970696424061375	-1.4135458144522256e-12
636	-5.946114509898333	5.812816757253072e-13
637	-5.920341080254686	-1.629476116103567e-12
638	-5.893142847625077	-2.280412727845436e-12
639	-5.864749640567796	-8.8753870085619e-14
640	-5.835205704219281	1.442081868884817e-12
641	-5.804262782794911	-6.066720233700539e-13
642	-5.77208583509274	-1.1668325249484036e-12
643	-5.738787864446289	-2.5030838297564446e-13
644	-5.704127959484344	-6.313882909888339e-13
645	-5.668200852715084	-5.819557557512739e-14
646	-5.631171398521831	-6.749787993346822e-13
647	-5.5928251596505945	5.181428466264238e-13
648	-5.553186982302151	-9.553960901368405e-13
649	-5.51245481916324	-3.7456380109551105e-13
650	-5.470456059976456	-3.455783599789418e-13
651	-5.427150921925661	-4.0557148228998045e-13
652	-5.3827513498854005	-8.920325676959681e-13
653	-5.337137186518628	1.2542382349820892e-12
654	-5.2902137394109605	7.709228563639463e-13
655	-5.242188495815869	-2.1797501106344047e-12
656	-5.192999753486911	-5.134242864446567e-13
657	-5.142510648612449	-5.947632762446417e-13
658	-5.090907987688641	4.23996336333071e-13
659	-5.038189367571763	1.4537659226682402e-13
660	-4.984190994390095	-1.8447323377289417e-13
661	-4.9290653893321705	1.0266238795473246e-12
662	-4.872865940387802	-3.556895603684427e-13
663	-4.815418016029355	-1.0246016394694244e-13
664	-4.75682994923543	2.3487195038100644e-12
665	-4.697203374447404	5.091551129468675e-13
666	-4.636368714618739	1.0735847880230064e-12
667	-4.574384261914318	-6.895838665639613e-13
668	-4.51138923813588	1.1913240992251947e-12
669	-4.447233563789837	-2.7839505072425804e-13
670	-4.381924124884288	4.421964970341726e-13
671	-4.315624496890914	-3.5209446689662017e-12
672	-4.2482164996567935	7.742932564937799e-13
673	-4.1796581333789815	2.6158798874348768e-12
674	-4.110123147109691	9.353983826998276e-13
675	-4.03953440058208	-2.6244182344304554e-13
676	-3.9678074822333866	1.4065803208505695e-12
677	-3.8951118407900074	2.026733944739958e-13
678	-3.8214169775736493	1.0538117739279826e-12
679	-3.746605660247243	-3.0239229964867354e-12
680	-3.670829539188154	-8.6282243323741e-14
681	-3.5941064770395776	2.759234239623801e-13
682	-3.5162982036952255	-2.592961166552008e-13
683	-3.4375270977318735	-9.356230760418164e-13
684	-3.357857168522255	1.4605067229279076e-13
685	-3.2771423608091106	-3.227495164328687e-12
686	-3.195466923189836	7.792365100175359e-13
687	-3.1129351757078294	9.230402488904376e-13
688	-3.0294067630931596	-2.536787831054781e-12
689	-2.94492245511377	-2.210982485170863e-13
690	-2.8596178877636156	4.732940555654376e-12
691	-2.773371224505024	-1.878436339027278e-12
692	-2.686177901923442	-3.738897210695443e-13
693	-2.5981936489838873	-2.1440238692581684e-12
694	-2.509326196231618	9.437120363534172e-14
695	-2.419527663734649	5.581382615004496e-13
696	-2.3289611741703173	-1.306816477007494e-12
697	-2.2375725966562428	-1.6276785693676557e-12
698	-2.1452761367345237	5.302762870938249e-13
699	-2.052229256410619	-1.9584271687753295e-12
700	-1.9584212659458389	-1.82450993694994e-13
701	-1.8637371562659877	-1.4155680545301258e-12
702	-1.7683160278913903	-1.555327313247227e-12
703	-1.6721926235160156	-8.821460606484561e-13
704	-1.575233589335063	1.6523948369864357e-12
705	-1.477548718042167	-1.8011418293830933e-12
706	-1.3792162098961538	1.8101295630626497e-12
707	-1.2800969694925144	1.158518871294814e-12
708	-1.180262887059452	-1.2385097010428655e-12
709	-1.0798302215296522	2.665312422672437e-12
710	-0.9786671718696894	-2.05504530583056e-12
711	-0.8768021676074275	2.1166112815355214e-13
712	-0.774380953828846	-1.2299713540472871e-12
713	-0.671291723893607	1.6807061980770383e-13
714	-0.5675175038368777	-5.338713805656474e-13
715	-0.46322234191865613	1.0605525741876498e-13
716	-0.3583256468879192	-1.1841339122815496e-12
717	-0.25276678817330706	1.528364112208558e-12
718	-0.14671536515426475	1.2236799404715975e-12
719	-0.0401308543229979	-6.686873857589928e-13
720	0.06708564787696096	-1.848776817884742e-12
721	0.17477249256529404	2.9816806481928206e-12
722	0.282924329275947	2.2828843546073138e-12
723	0.39166958306424626	9.482059031931954e-13
724	0.5008678337224455	-1.1252642566804554e-12
725	0.6104656024703167	-1.168405378342326e-14
726	0.7206093915826046	-1.3886048534914568e-13
727	0.831191856693856	-3.334449195115407e-13
728	0.9421132300593688	4.9881921921537767e-14
729	1.0535244947103635	3.7209217433363304e-13
730	1.1653611424414843	-2.573637539140962e-12
731	1.2774825685615188	7.338484549357763e-13
732	1.3900299811180288	7.36994161723621e-14
733	1.502988047189368	9.796629710716426e-14
734	1.6161846066020191	-5.684741552319394e-13
735	1.7297368555819232	1.5072429380616005e-12
736	1.8436813089297797	-7.383423217755544e-13
737	1.9578266165631737	4.2826550983086026e-13
738	2.0722528283064885	-9.019190747434801e-13
739	2.1870468089428217	-2.309847555645983e-13
740	2.302012660596185	5.158959132065347e-13
741	2.417182535801905	-5.972349030065197e-13
742	2.5326879377939133	-1.434891681941172e-12
743	2.6483442394891945	5.046612461070893e-13
744	2.764128274155375	5.0331308605515586e-14
745	2.8802062392170256	-5.779112755954735e-13
746	2.9964209357125307	-3.6849708086181054e-13
747	3.1126903560195394	2.368267824563099e-13
748	3.2292019499886626	-3.5681302707838727e-13
749	3.345841057550943	9.616875037125299e-14
750	3.4624678094071712	1.5391493926240256e-12
751	3.579274562461433	1.1194222297887438e-12
752	3.6962021472979374	-3.9006764169274575e-13
753	3.813058757141892	4.318606033026828e-13
754	3.930023308272536	7.491276021910221e-13
755	4.047101740123335	7.414880285633992e-13
756	4.164061063556683	8.47992672666142e-13
757	4.281047649044432	1.1872796190693945e-12
758	4.39813795653776	-1.9997707437012887e-13
759	4.515072995801332	-1.2281738073113757e-12
760	4.631947921284727	7.077840272650629e-13
761	4.748910068705205	3.8782070827285667e-13
762	4.865693645994294	2.8131606417011386e-13
763	4.982325726704161	-7.34747228303732e-13
764	5.099019120730961	1.671269077713504e-12
765	5.215523696954707	1.2587321018218673e-12
766	5.331784463812273	1.1576200979268583e-12
767	5.448068497360152	-6.075707967380096e-13
768	5.564165863939808	3.5411670697452033e-13
769	5.6799298740858895	3.067064118148606e-12
770	5.795664565202132	-1.6155451289002547e-12
771	5.911225721233251	1.77507740171238e-13
772	6.026370622160791	-7.262088813081534e-13
773	6.1414170016858876	6.588008787114807e-13
774	6.256312016116657	-1.0430264935125148e-12
775	6.37071876794454	6.682379990750149e-13
776	6.484939499147958	1.8101295630626497e-12
777	6.59903750981471	2.7053078375464625e-12
778	6.71259047365403	1.5863349944416964e-13
779	6.825850251357079	1.1773931120218825e-13
780	6.939019255122693	-4.669127646529526e-13
781	7.051606670586745	4.0759372236788066e-13
782	7.163772229054825	3.3029921272369603e-13
783	7.275879079894345	1.082123135018585e-12
784	7.387393961296456	5.352195406175809e-13
785	7.498333759975343	2.4177003598006593e-13
786	7.609243629376124	1.1535756177710581e-12
787	7.719586031096025	8.902350209600569e-13
788	7.82916869366464	7.500263755589777e-13
789	7.93874363747647	-1.2344652208870653e-12
790	8.047826460021891	1.8334976706294963e-13
791	8.155916078598334	9.913470248550658e-13
792	8.264010648189831	-4.983698325313998e-13
793	8.371777350933144	-1.2834483694406474e-12
794	8.478216830291379	5.230861001501798e-13
795	8.584661888414068	1.8631571917720323e-12
796	8.691161693684075	-1.6672245975577037e-12
797	8.795682323962868	-1.782716975340003e-12
798	8.900195221570728	2.262212567144334e-12
799	9.006275563735137	-1.6852000649168164e-13
800	9.106539673353723	4.556780975535072e-13
801	9.212767662212407	-7.253101079401978e-13
802	9.31315533242145	5.963361296385641e-13
803	9.415062296153263	-9.873025446992656e-13
804	9.51688927819027	-1.3868073067555454e-12
805	9.61664083475346	9.482059031931954e-14
806	9.716326816642837	3.732156410435776e-12
807	9.815874029772427	-1.0070755587942895e-12
808	9.913925663390875	-6.390278646164567e-13
809	10.011457082350915	1.1324544436241006e-13
810	10.108777174132516	3.448593412845773e-12
811	10.20486392698737	-1.2394084744108212e-12
812	10.30019450126929	-1.1009973757456533e-13
813	10.395229484313335	-3.999541487402578e-14
814	10.489193047299647	1.1099851094252097e-12
815	10.582253780077993	-1.8033887628029825e-12
816	10.674925482710744	-1.1194222297887438e-12
817	10.766639388229672	3.3142267943364057e-12
818	10.857355069642603	1.3800665064958782e-12
819	10.947582291828097	-2.7232833049055753e-13
820	11.036934442089889	3.088185292295563e-12
821	11.125228405592305	2.5718399924050506e-12
822	11.212931778850729	5.145477531546013e-13
823	11.299818934882792	1.2070526331644183e-12
824	11.385614813863969	2.2743460076117354e-12
825	11.470718773255978	-4.700584714407973e-12
826	11.555044551385745	1.0924590287500748e-12
827	11.6382669951544	1.957528395407374e-12
828	11.720700350074571	2.216150432036608e-12
829	11.802374712674618	-9.248377956263488e-13
830	11.882949833354807	-2.4105101728570142e-12
831	11.962646006699691	3.8400092145904525e-12
832	12.041585081403833	-4.823941359159884e-12
833	12.11944080850987	-1.7175559061632192e-12
834	12.196337784403017	2.8688845905143883e-12
835	12.272463925941675	2.548921271522182e-12
836	12.347530380105988	-5.824500811036495e-12
837	12.421570359743956	1.013366972369979e-13
838	12.494812412376422	-7.113791207368854e-13
839	12.567022269433943	1.523645552026791e-12
840	12.638151575781322	-2.6410455417376348e-12
841	12.70844489720452	5.363430073275255e-13
842	12.777733884908226	-5.302762870938249e-13
843	12.845902535551733	-1.38995301354339e-12
844	12.91318909051615	-1.1915487925671836e-12
845	12.979496477284675	1.8970858864123573e-12
846	13.044657981477293	1.5982437415671087e-12
847	13.108886300349738	-1.829228497131707e-12
848	13.172155447696424	-3.799564413032449e-13
849	13.23426654083352	2.3857939052382342e-12
850	13.295391680023792	-1.5840880610218074e-13
851	13.355570438073197	1.4196125346859262e-12
852	13.414591080116391	-5.608345816043165e-13
853	13.4725742734848	1.853045991382531e-12
854	13.529615640590256	-2.8279904022724067e-12
855	13.585508834181635	-1.096952895589853e-12
856	13.640317296516614	-2.938988913214928e-12
857	13.694179751387233	2.447359880943195e-12
858	13.746911732310716	-3.169973668779526e-12
859	13.798518312424703	1.4310718951273605e-12
860	13.84916628560529	1.4908403240964103e-12
861	13.89870652067049	3.406800451235836e-12
862	13.947089319611793	-1.0120188123180454e-12
863	13.994493423970756	3.1883985228226167e-12
864	14.04081494076619	-5.0331308605515586e-14
865	14.085956975549923	7.46880668771133e-13
866	14.130094295377008	-3.0383033703740256e-12
867	14.173173978083197	-2.65025796875918e-12
868	14.215062741864623	4.289171205226281e-12
869	14.255916786209042	-3.98268948675341e-12
870	14.295735765112735	-1.1106591894511765e-12
871	14.334362973108457	2.1930070178117503e-13
872	14.371923790347687	6.174573037855215e-13
873	14.408467746619689	-2.418599133168615e-12
874	14.443829072888981	1.8175444433482837e-12
875	14.478093069419419	9.48879983219162e-13
876	14.511352727766198	-2.1599770965393806e-12
877	14.54344756920762	-3.101891586156887e-12
878	14.574417302420246	8.06199711056205e-13
879	14.604388759753357	4.3105170727152274e-12
880	14.63322025081423	-1.9038266866720246e-12
881	14.660904112957917	-2.329845263082996e-12
882	14.687589206304661	5.5022905586244e-12
883	14.71316410226884	1.1140295895810101e-12
884	14.737576041479205	-4.4127525433201805e-12
885	14.760982599191506	-9.434873430114282e-13
886	14.783311436810347	2.559257165253672e-12
887	14.804470474291533	-5.6975490728127616e-12
888	14.824612576907585	-8.945041944578462e-13
889	14.84370984488555	-9.189957687346372e-14
890	14.86163978223744	5.625197816692333e-12
891	14.878537725493397	-1.3580465589809652e-12
892	14.894422038075017	-6.13862210313699e-13
893	14.909151061017107	2.4866812157912543e-12
894	14.922831493770484	3.966511566130208e-12
895	14.93552594626634	-1.7233979330549308e-12
896	14.947086325830822	2.7448538657365103e-12
897	14.957582033347174	9.385440894876723e-13
898	14.967114493264726	-3.167502042017648e-12
899	14.975542203591047	-2.460167401436563e-12
900	14.982891994053501	2.505330763176334e-13
901	14.989295403733568	1.9705606092427306e-13
902	14.994630102110063	1.6265551026577112e-12
903	14.998878416485462	-3.742042917483288e-12
904	15.002191100664442	2.6185762075387437e-12
905	15.004475881958733	3.4205067450971596e-12
906	15.005672560104227	-2.1357102156045786e-12
907	15.005938380508017	5.925163428247526e-13
908	15.00521990294077	-5.167946865744904e-13
909	15.003419618466712	-2.825069388826551e-12
910	15.000688288128984	-2.4558982279387736e-13
911	14.99701671239305	1.0299942796771583e-12
912	14.992278676172303	-7.158729875766636e-13
913	14.986605756106494	-1.8085567096687274e-12
914	14.980034966161659	-2.5149925768818567e-12
915	14.972422448079302	8.538346995578536e-15
916	14.96386937311729	2.2525507534388113e-12
917	14.954457101827426	-3.1845787360088052e-12
918	14.944037064842243	2.354336837359787e-12
919	14.932670965678392	8.888868609081234e-13
920	14.920479217879171	-5.09874131641232e-12
921	14.907321892564376	2.0505514389907822e-12
922	14.893215509275167	1.964943275693008e-12
923	14.878310633064716	2.8805686442978116e-12
924	14.862489283727054	-4.320852966446717e-12
925	14.84572054246752	-7.046383204772182e-13
926	14.828173621579202	-6.722824792308153e-13
927	14.809764336696846	5.822366224287601e-12
928	14.79041599006219	-1.1400940172517234e-12
929	14.770303054707064	-1.4796056569969648e-12
930	14.749384632444471	2.1782896039114768e-12
931	14.72754387856487	-3.0518973175643543e-12
932	14.70494603111917	5.688111952449227e-13
933	14.681599937190182	2.469829215142086e-12
934	14.657357826602793	2.5572349251757715e-12
935	14.632361435580819	-1.815634549941378e-12
936	14.606671938929514	-8.118170446059276e-13
937	14.580122916561702	3.322765141331984e-12
938	14.552819498310397	5.4867867180271655e-12
939	14.52487377894682	9.485429432061786e-13
940	14.496115180597966	-1.2110971133202188e-12
941	14.466601475805124	2.9977462221450274e-12
942	14.436489817796224	-2.2523260600968223e-12
943	14.405621379489443	-1.4560128560881293e-12
944	14.373999004157366	2.4635378015663967e-12
945	14.341815049216104	3.1532340148013524e-12
946	14.30893853571166	-1.8894463127847344e-12
947	14.2753138260219	-1.275471755800041e-12
948	14.241154889991975	1.4068050141925582e-12
949	14.20637373755051	4.223897789378503e-12
950	14.170857199408454	-7.111544273948965e-13
951	14.134824542460047	-2.016061010995485e-12
952	14.098243537297094	3.5761068844244787e-12
953	14.06094949714399	-2.0167350910214514e-12
954	14.023148518271608	7.58002989199584e-13
955	13.984873810126217	-3.0580763844690495e-13
956	13.945919743557864	1.3590576790199152e-12
957	13.906460169042662	-3.3288318615656845e-12
958	13.866599086537178	1.1985142861688398e-12
959	13.826105165802408	1.3711911194873162e-12
960	13.785101251286024	3.346807328924797e-12
961	13.743762368707676	-2.9967351021060774e-12
962	13.701850685992332	-7.030654670832958e-13
963	13.659421116705515	2.705644877559446e-12
964	13.61671443073716	-5.117390863797399e-13
965	13.573508516953044	-6.864381597761166e-13
966	13.529776463811245	3.659243420960375e-12
967	13.48581345736331	1.2028958063376234e-12
968	13.441437673940529	-2.383266105140859e-12
969	13.396530624089078	9.25118662303835e-13
970	13.351424545203889	3.0036444223722363e-12
971	13.306003511233403	-5.002347872699078e-12
972	13.260053032161773	-1.7104218925550713e-12
973	13.213919101686715	9.086037016676501e-13
974	13.167577226117517	1.8712461520836328e-12
975	13.120718767950418	-2.524485870580888e-12
976	13.073674289148757	1.9988719703333332e-12
977	13.026535409815851	4.3343345669660516e-13
978	12.97890806365608	4.11638202523681e-12
979	12.931072461357791	-2.36866103791158e-12
980	12.883259275124315	2.0884122671159135e-12
981	12.835005920593943	2.998644995512983e-12
982	12.786500419056443	-3.904889417089749e-12
983	12.73813411989921	-3.3422853754172707e-12
984	12.689401961296403	-3.9161240841891953e-13
985	12.640348939975787	2.3053817754739533e-12
986	12.59154831937808	-6.201817105571371e-13
987	12.542490641097263	-2.9665419342763175e-12
988	12.493011653658673	-1.7001421721590788e-12
989	12.44389133747617	3.3289161215689304e-12
990	12.39467313002265	-2.6429554351445406e-13
991	12.344883908597302	-8.64563806637824e-13
992	12.295549518188523	2.152843082931233e-14
993	12.246364830931407	-1.2206044503531243e-12
994	12.196358150290452	1.3178264507649504e-13
995	12.146889818415353	1.49449159090373e-13
996	12.09803648368127	1.7679223231034206e-12
997	12.047791583964955	1.034052803166833e-12
998	11.998153831572816	-7.163364175945157e-13
999	11.950725583734316	-9.985512551325852e-13
