1000
0	11.890152335349232	-1.314028167806134e-12
1	11.758287034285955	-1.1090284073050225e-12
2	11.62340551602603	6.406147613442534e-13
3	11.486090796716331	3.4374570490834477e-13
4	11.347133315336567	-3.147462204579012e-13
5	11.207345759731218	2.6345294348199564e-13
6	11.067410866034708	-3.6008512387110076e-13
7	10.92780478129126	1.087656208565062e-12
8	10.788798115240889	9.803089644298607e-13
9	10.650503273359085	9.96430711717565e-13
10	10.512925906368336	1.156552804552411e-12
11	10.375993755033772	-6.945832934232145e-13
12	10.23956431016094	-8.653502333347852e-13
13	10.103434349016338	-6.972515268593327e-13
14	9.96737678618651	4.686541380533667e-13
15	9.831209031310191	1.1540250044550359e-12
16	9.694869753351156	-1.7141293326978883e-13
17	9.558464278059375	-3.814169480261728e-13
18	9.422245834757785	3.0024647823267943e-13
19	9.28652946331225	1.1740227118920487e-14
20	9.151571429085829	1.1796400454417715e-13
21	9.017469187092939	-2.691826237027128e-12
22	8.884130055914843	3.7664221450890845e-13
23	8.75132480399988	2.355572650740726e-12
24	8.618799878615889	4.048412289285165e-13
25	8.486393011922996	-2.171885843664793e-12
26	8.354097605937467	-1.8543379780989675e-12
27	8.222048454332858	-6.031892765692258e-13
28	8.090444442858573	-1.1132993362195462e-12
29	7.959453291989137	-3.0917803857673857e-13
30	7.829149305610282	-1.88366045922852e-12
31	7.699511459031127	-1.2840101027956196e-12
32	7.570473144296843	-1.6177920623201436e-14
33	7.44198603980784	1.6077932086016373e-12
34	7.314056797930608	-2.493534362721916e-13
35	7.186735958897424	-5.631376883597028e-13
36	7.060070753710138	6.61834238828331e-13
37	6.934057372311137	-1.0875157752263189e-13
38	6.808628876488845	-5.915052227858025e-13
39	6.683692011374006	-1.781031775275086e-12
40	6.5591935378787785	-4.555657508825127e-13
41	6.435175652174095	-9.932569182619715e-13
42	6.31178235631562	-6.702602391529151e-13
43	6.189206343200314	-4.799449784883093e-13
44	6.067600386922638	2.0615614127482388e-13
45	5.9470006304209	-7.563177891346672e-13
46	5.827305791882101	-1.2333417541771206e-12
47	5.7083267954622965	-6.403760246683902e-15
48	5.589883183998937	3.113126253256332e-13
49	5.471896359843887	-1.4761229101961366e-12
50	5.354430564788328	6.13862210313699e-13
51	5.2376608882650855	1.184695645636522e-12
52	5.121787385387641	-1.1744720985760265e-12
53	5.006941998138318	-2.2068256583440682e-12
54	4.893138182368511	8.01256457532449e-13
55	4.7802862728725195	1.2027834596666292e-12
56	4.66826136296096	-7.486782155070442e-13
57	4.556981417357666	-1.0696526545382005e-12
58	4.446450865894512	-3.864725482209232e-13
59	4.336747404742688	6.066720233700539e-14
60	4.227965076519703	-7.459818954031774e-14
61	4.120152234410252	-1.2006488729177345e-12
62	4.013284402299967	3.610822005761765e-13
63	3.9072893342552786	-1.097177588931842e-12
64	3.8021081342319722	-1.116501216342888e-12
65	3.6977526683534485	-3.2086209236016184e-13
66	3.5943208140610476	-5.740914887816621e-14
67	3.4919556815545403	-2.7626046397536345e-13
68	3.3907700558475935	-9.630356637644633e-13
69	3.2907794469774654	-1.299176903379871e-12
70	3.191885342348514	-9.684283039721972e-13
71	3.093922378760339	-2.1435744825741903e-13
72	2.9967466261585702	-1.96348276897008e-12
73	2.9003175055630783	-1.9401146614032334e-12
74	2.804727349263732	-9.855049979633542e-13
75	2.7101611410304653	-4.934265790076438e-13
76	2.616807662942744	8.086713378180829e-13
77	2.524769329888366	-1.4312965884693494e-13
78	2.43401949523251	-1.5043219246157448e-12
79	2.3444286153866485	-1.6834025181809051e-12
80	2.2558420915527915	2.1930070178117503e-13
81	2.1681655215318334	1.3818640532317894e-13
82	2.081410323542619	-5.419603408772481e-13
83	1.9956772374301759	-7.498016822169888e-13
84	1.9110915622209375	6.093683434739208e-13
85	1.8277313335939307	-1.3982666671969799e-12
86	1.7455907826044028	-1.6550911570903026e-12
87	1.6645996197688715	-4.943253523755995e-14
88	1.58468269709114	5.212885534142685e-13
89	1.5058215172237308	-1.4823019771008317e-12
90	1.4280771118583864	-1.1841339122815496e-12
91	1.3515587500155395	2.316813049247639e-12
92	1.276356772583965	7.605869626324565e-13
93	1.20248069849596	-2.640146768369679e-13
94	1.129842925767109	4.064702556579361e-13
95	1.058301478137473	-5.012908459772557e-13
96	0.9877404754425854	-6.482402916380021e-13
97	0.9181430772831101	6.11165890209832e-14
98	0.8496130779213026	3.786082812513114e-13
99	0.7823307902245271	-2.043810638731115e-12
100	0.7164642001214098	-2.006062157276978e-12
101	0.652083990044306	-2.4844342823713653e-12
102	0.5891286850513546	-1.8582139382482762e-13
103	0.5274394671343485	6.35882157828612e-13
104	0.4668452637767051	-1.2856953028605365e-12
105	0.4072514154550819	-6.484649849799909e-13
106	0.34868398123391586	6.543070118717026e-13
107	0.2912680093903403	-9.324773692539718e-14
108	0.23515463175547402	-1.7166571327952636e-13
109	0.1804406393944224	-3.4872406676678655e-13
110	0.12712562447484613	1.0016829185865556e-12
111	0.07512839571724886	-4.621942044711855e-13
112	0.02434879827807648	-2.741483465606677e-12
113	-0.025265100785821493	-1.7766502551063023e-12
114	-0.07368568730251904	-7.88898323723059e-13
115	-0.12082881884243914	2.844617709579586e-13
116	-0.16661510994031287	-1.3452390384875974e-12
117	-0.21102976414545904	-3.3681531964137435e-13
118	-0.254141819668693	-7.662042961821792e-14
119	-0.2960676296980178	-1.18817839243735e-12
120	-0.3368989398406639	1.6971088120422286e-12
121	-0.37663824372592686	-2.5592571652536717e-13
122	-0.4151822926606604	-1.3268141844445068e-12
123	-0.45236760786398533	-1.2652482087395457e-12
124	-0.48805578426930035	-5.617333549722721e-13
125	-0.5222113881828166	-2.3053536888062047e-13
126	-0.55492810735589	-1.3713034661583107e-12
127	-0.5863859101329604	-8.781015804926558e-13
128	-0.6167611699445466	-2.5794795660326737e-13
129	-0.646137528158107	-3.076051851828162e-13
130	-0.6744657868150653	-1.700703905514051e-12
131	-0.7015934653236998	-3.107508919706609e-13
132	-0.7273466564766193	5.417356475352592e-13
133	-0.7516183602266328	1.5863349944416964e-13
134	-0.7744156592710437	8.556322462937649e-13
135	-0.7958428729435171	1.5173541384511016e-12
136	-0.8160348673730418	-7.751920298617356e-14
137	-0.8350811775238095	1.2560357817180004e-12
138	-0.85298541706143	-5.610592749463054e-13
139	-0.869680493910519	2.491849162656999e-13
140	-0.8850860205129272	-1.1097604160832207e-12
141	-0.8991694354850946	-1.2086254865583408e-12
142	-0.9119710546347947	1.9204539939792038e-12
143	-0.9235769646407183	2.004264610541067e-13
144	-0.9340569412037607	-5.833039158032074e-13
145	-0.943407509204935	-5.729680220717175e-13
146	-0.9515389084801058	-4.853376186960431e-14
147	-0.9583184440027555	1.173123938524093e-12
148	-0.9636488068320881	-1.5229714720008242e-12
149	-0.9675358116528553	-8.441728858523305e-13
150	-0.9701039153548003	-5.167946865744904e-15
151	-0.9715456375400999	1.0475203603522932e-12
152	-0.972028723606866	-1.7346326001543764e-13
153	-0.971610014797866	1.02752265291528e-12
154	-0.9702036868246844	3.55015480342476e-13
155	-0.9676220402382483	-7.27107654676109e-13
156	-0.9636689493120775	-5.572394881324939e-13
157	-0.9582360127505353	1.5863349944416964e-13
158	-0.9513524339870082	-1.1025702291395756e-12
159	-0.9431640751723507	-1.5240949387107687e-12
160	-0.9338567948222294	1.1369483104638789e-13
161	-0.923567902241294	-1.2582827151378896e-14
162	-0.9123328529526223	-9.234896355744153e-13
163	-0.9000918677588668	-7.918193371689148e-13
164	-0.8867451942353833	9.711246240760641e-13
165	-0.8722194470954706	1.0095471855561674e-12
166	-0.8565045191708495	-2.3129932624338277e-12
167	-0.8396413118244036	-8.142886713678057e-13
168	-0.8216742630654434	6.307142109628671e-13
169	-0.8026039204827949	1.2209836203677306e-12
170	-0.7823759836201641	-3.0827926520878296e-13
171	-0.7609179160709036	7.515992289529001e-13
172	-0.7382028791906939	-8.286690452550958e-13
173	-0.7142994373890855	-2.006511543960956e-13
174	-0.689369715725307	2.8311361090602514e-13
175	-0.6636069901527638	7.082334139490407e-13
176	-0.6371406421287993	-6.33635224408723e-13
177	-0.6099587190664688	-9.41465102933528e-13
178	-0.5818936645644704	2.0667293596139835e-12
179	-0.5526867658271372	1.121669163208633e-12
180	-0.5221037397081615	-6.601490387634142e-13
181	-0.4900469036242725	-1.375123252972122e-12
182	-0.45660881336193365	-6.965493601656175e-13
183	-0.42204098853368044	6.498131450319244e-13
184	-0.38665376469467394	5.352195406175809e-13
185	-0.3506958083541258	-1.0681921478152728e-12
186	-0.3142679424279246	1.0785280415467625e-13
187	-0.277304491505777	-1.4829760571267986e-14
188	-0.23961853938926816	-2.4491574276791063e-13
189	-0.20097884532097185	-4.291642831988159e-13
190	-0.16117814527096488	1.493761337542266e-12
191	-0.12006989833937498	2.109870481275854e-12
192	-0.07757802312860596	1.444328802304706e-12
193	-0.0337044057530044	-1.0201077726296462e-13
194	0.01144221091887494	4.291642831988159e-13
195	0.05759473930228712	1.0497672937721821e-12
196	0.10428050603738788	-2.201994751491307e-14
197	0.15082007826227123	5.84202689171163e-15
198	0.19640401743952038	-1.506344164693645e-12
199	0.24024495640148463	-2.2024441381752847e-12
200	0.2817629453462449	-3.532179336065647e-13
201	-1.782583285716099	-6.830677596462829e-14
202	-2.606635873974738	-1.72564486647482e-13
203	-1.6751202832852061	-3.0827926520878296e-13
204	0.4980081053334608	1.23761092767491e-12
205	2.67089402973111	-1.2659222887655125e-12
206	3.6015521860326194	-6.453192781921462e-13
207	2.775712601289246	1.8550682314604315e-12
208	0.7083369852413948	6.394772513004346e-13
209	-1.3578492666398605	2.2019947514913067e-13
210	-2.1802274236331782	-1.8308013505256295e-12
211	-1.2441788849688553	4.309618299347272e-13
212	0.9354072701602597	-7.86426696961181e-14
213	3.115659299017904	-2.3826481984503893e-12
214	4.0536814761846784	-1.0650464410274279e-12
215	3.2345445513082915	-4.224234829391486e-14
216	1.1728777533495076	-6.911567199578836e-13
217	-0.8886010219433289	-1.2326676741511539e-12
218	-1.7070259752444215	1.7975467359112708e-13
219	-0.7673916266888994	-2.0402155452592923e-13
220	1.4158114490837013	-1.321196850894784e-13
221	3.600011737092294	1.3661355192925657e-13
222	4.5424476459160905	4.588238043413519e-13
223	3.7281430439983767	-1.018310225893735e-12
224	1.6715346686118158	-1.0290955063092025e-12
225	-0.38492732807943986	-1.0893133219622301e-12
226	-1.1986371840640797	-1.7395758536781323e-12
227	-0.2547697856695526	-1.7642921212969123e-12
228	1.9321268528579387	-2.5525163649940043e-13
229	4.119551451987569	-5.4375788761315945e-14
230	5.064909285608758	1.0605525741876498e-13
231	4.253432549031305	-1.0592044141357162e-12
232	2.199744954297535	-3.55015480342476e-13
233	0.14641062980627173	7.459818954031774e-14
234	-0.6639512020710913	4.673621513369304e-14
235	0.28340043889544747	3.473759067148531e-13
236	2.4737660637096943	8.228270183633842e-13
237	4.664473102310066	-5.3926402077338126e-14
238	5.612785916487319	1.7737292416604464e-12
239	4.803864651374148	9.39218169513639e-14
240	2.7523468678799197	-1.0744835613909622e-12
241	0.7008874821729375	-2.373660464770833e-12
242	-0.10775651368523945	-1.190874712541217e-12
243	0.8412985231989699	-6.246474907291666e-14
244	3.0334590669217345	-7.909205638009592e-13
245	5.2260930404196335	-8.47992672666142e-13
246	6.176431001880422	-1.5225220853168465e-12
247	5.369537875463177	-1.4425312555687948e-13
248	3.31992457399794	-1.5503840597234712e-13
249	1.2701259998433474	5.74316182123651e-13
250	0.4628199547889909	-5.42409727561226e-13
251	1.4128732282642773	-1.0335893731489807e-13
252	3.6057403253863436	1.0335893731489807e-14
253	5.798885808138894	-2.0352722917355365e-12
254	6.749655782368749	-9.257365689943045e-13
255	5.943215422870269	3.882700949568345e-13
256	3.894132092959174	7.068852538971073e-13
257	1.844938217358791	-3.1816577225629495e-13
258	1.038252745894283	-2.3866926786061897e-12
259	1.9888460047395768	-1.4236570148417264e-12
260	4.182067596517102	8.25972725151229e-13
261	6.375299544409523	-9.059635548992804e-13
262	7.325851072300375	9.041660081633692e-13
263	6.518905974253755	-2.0056127705930006e-12
264	4.469098764229011	-2.583973432872452e-13
265	2.4190569083532094	4.579250309733962e-13
266	1.6114940340615347	-1.7885590022317144e-13
267	2.561247231554599	-2.8266422422204733e-13
268	4.753686105846207	-2.9915671552403325e-12
269	6.946161096974672	5.037624727391336e-13
270	7.895908832349159	-6.327364510407673e-13
271	7.088021278760355	-1.6043104618008092e-13
272	5.0370493861575065	-1.654192383722347e-12
273	2.985569615563121	-6.33635224408723e-14
274	2.176291579262889	-1.2286231939953537e-12
275	3.1240957110312952	-1.5265665654726467e-12
276	5.3144291129401235	-9.841568379114208e-14
277	7.504730719885477	3.7973174796125595e-13
278	8.452310675230718	1.93775538131235e-12
279	7.642298355387926	9.401169428815945e-13
280	5.589235661553813	1.2978287433279376e-12
281	3.535647001532749	-1.7346326001543764e-13
282	2.724162753542365	-4.970216724794664e-13
283	3.669580787429799	-4.1972716283528174e-13
284	5.857286582222171	-4.988192192153777e-13
285	8.044696463591723	-1.7979961225952486e-12
286	8.989143252605713	-1.7292399599466425e-12
287	8.175817439770153	-1.2537888482981114e-12
288	6.119342327088994	-1.0659452143953836e-12
289	4.06232005722554	-1.1086369493732763e-12
290	3.2474325718582002	-2.1211051483752994e-12
291	4.189488250014832	1.178291885389838e-12
292	6.373839562583229	-4.776980450684202e-13
293	8.55783641849414	3.1052619862867204e-13
294	9.49873169576683	-1.7777737218162468e-12
295	8.681646418135175	-6.740800259667266e-14
296	6.6211651654427355	4.4713975055792864e-13
297	4.559893777283593	-1.3827628265997452e-12
298	3.7405592079200756	-6.929542666937949e-13
299	4.678043010222521	-4.943253523755994e-13
300	6.857777460120881	-8.084466444760941e-13
301	9.03717579004471	-1.8384409241532523e-12
302	9.973519315049847	-1.2897397830163369e-13
303	9.151914437133161	5.630815150242056e-13
304	7.0868927637762535	-3.608575072341876e-13
305	5.020984685455013	-1.5369024592041365e-13
306	4.196841671233301	-7.176705343125748e-13
307	5.129292379388907	3.235584124640287e-14
308	7.303754571754471	2.3188352893255394e-13
309	9.477669929395173	8.646199799733212e-13
310	10.408383294476035	3.1816577225629495e-13
311	9.58108106571483	-2.197051497967551e-12
312	7.51036813827531	-7.122778941048411e-13
313	5.438820209214777	3.325461461435851e-13
314	4.609092672698171	5.181428466264238e-13
315	5.535975801158349	-5.761137288595623e-13
316	7.704818100059159	-1.279403889284847e-12
317	9.872981775855731	-1.0124681990020234e-12
318	10.797745590329693	-1.9876373032338875e-12
319	9.964263300299535	9.297810491501047e-13
320	7.887150850158919	1.2870434629124698e-12
321	5.809035836271946	4.741029515965977e-13
322	4.972651987338042	5.271305803059802e-13
323	5.892871462133561	7.284558147280425e-13
324	8.055104425730962	2.041114318627248e-12
325	10.216736421817123	9.378700094617056e-13
326	11.13502411264407	2.667109969408348e-13
327	10.295060339867975	-2.4100607861730363e-12
328	8.211379120055067	1.1122320428450988e-13
329	6.126529601839972	3.680476941778327e-13
330	5.283194103183909	4.4084833698223914e-13
331	6.196236544677986	2.5127456434619678e-12
332	8.351105323524619	-8.450716592202862e-13
333	10.505260219772707	3.381634796933078e-13
334	11.41604735072891	-9.378700094617056e-13
335	10.568637817056446	3.0782987852480515e-13
336	8.47761002262837	-5.046612461070893e-13
337	6.385509922475647	-8.630471265793989e-13
338	5.534969842937734	-1.6867729183107388e-12
339	6.440771076088104	1.2014352996146957e-12
340	8.588271259487449	1.0792021215727293e-12
341	10.734858584515328	9.983125184567221e-13
342	11.637848665367745	-1.1913240992251947e-12
343	10.78243377535772	-7.960885106667041e-13
344	8.683260108797175	2.287378221447092e-13
345	6.582969480794872	-3.3416393820590522e-12
346	5.724290471518096	4.599472710512964e-13
347	6.62207267599608	2.334563823264763e-13
348	8.761693623168014	1.4917390974643658e-12
349	10.900505888347604	-1.4160174412141035e-12
350	11.795743824645424	5.74316182123651e-13
351	10.932496062461261	5.922916494827638e-13
352	8.825313706393407	3.907417217187125e-13
353	6.7167811052011155	1.8851771392869453e-13
354	5.849625693175202	-7.778883499656024e-13
355	6.738754949760273	-1.5144331250052456e-13
356	8.869648100687222	-5.680247685479616e-13
357	10.999774727248727	1.1394199372257569e-12
358	11.886467286011714	7.134013608147856e-13
359	11.014863944828807	-1.1466101241694018e-12
360	8.899500485176373	-8.524865395059202e-13
361	6.782883667757242	1.5247690187367354e-12
362	5.907622407047923	2.1161618948515435e-12
363	6.788499232241075	-1.042577106828537e-12
364	8.910899695765726	4.105147358137365e-13
365	11.032261242903516	1.6993557454621176e-12
366	11.909958490828362	-6.464427449020907e-13
367	11.029237268175436	-7.120532007628522e-13
368	8.90477771693432	2.013701730904601e-12
369	6.779226089516744	-7.414880285633992e-14
370	5.895283906378515	5.096044996308452e-13
371	6.7677492139271065	1.3598441057168764e-12
372	8.881937410809444	2.593185859893997e-12
373	10.99514678261167	7.012679203473845e-13
374	11.864582504275877	4.4893729729383986e-13
375	10.9753408198465	1.0908861753561524e-12
376	8.842019567868434	-2.4383721472636387e-12
377	6.707280350935306	1.040330173408648e-13
378	5.813940615435996	-6.934036533777727e-13
379	6.676987314171706	1.607006781904676e-12
380	8.781946050290248	-7.304780548059427e-13
381	10.886284026376021	-4.673621513369304e-14
382	11.747278596639864	6.489143716639688e-13
383	10.849970551466182	2.7996790411818044e-13
384	8.708779445306895	1.8065344695908272e-13
385	6.5661088116466955	-2.6684581294602817e-12
386	5.66451041757161	-3.8714662824688993e-13
387	6.51878081849158	-1.7472154273057551e-12
388	8.61440080060853	1.2218823937356863e-12
389	10.708973794680412	6.767763460705935e-13
390	11.560079524728302	2.4087126261211027e-13
391	10.653159391659761	1.0940318821439973e-12
392	8.503021916869967	3.1614353217839477e-12
393	6.352319964247701	2.39905081241558e-12
394	5.443599900920876	1.3699553061063772e-12
395	6.291328009302769	-1.8739424721875e-13
396	8.38032800603561	-3.5636364039440946e-13
397	10.467295048260386	2.7772097069829136e-13
398	11.308794647439091	1.2133440467401077e-13
399	10.389336756402562	4.4107303032422807e-13
400	8.22307620534618	8.219282449954286e-13
401	8.191769614284592	9.774160376517535e-14
402	8.156310256026389	1.0239275594434576e-12
403	8.117271096714527	-3.529932402645758e-13
404	8.075432795333196	7.983354440865931e-13
405	8.031598289730248	1.5301616589444693e-12
406	7.986440956034209	2.0768405600034847e-12
407	7.9404276112899295	2.057516932592438e-12
408	7.893819775240377	1.1661584449224369e-12
409	7.846720943359534	8.940548077738683e-13
410	7.799128036365138	7.417127219053881e-13
411	7.75096033503187	1.0340387598329585e-12
412	7.7020669001602196	1.4355657619671387e-12
413	7.652236439018706	-2.5457755647343375e-13
414	7.601233946184489	-4.2040124286124847e-13
415	7.548869001307201	-1.3578218656389762e-12
416	7.4950727733483244	-5.848767691971298e-13
417	7.439943208056668	-5.244342602021132e-13
418	7.383726454755545	-3.5007222681871997e-13
419	7.326730533309326	-4.869104720899654e-13
420	7.269205019083836	1.4764599502091201e-12
421	7.211240797090983	4.4624097718997297e-13
422	7.1527388259172895	-8.556322462937649e-13
423	7.093463753998693	-4.961228991115108e-13
424	7.03315611861096	-3.911911084026903e-13
425	6.971647951919803	2.728675945113309e-12
426	6.9089270459391265	6.945271200877173e-13
427	6.845123034332578	-2.443652440800378e-12
428	6.780429612858086	-1.5764484873941844e-12
429	6.715009641987215	-2.2827720079363193e-12
430	6.648932775608486	-7.350842683167153e-13
431	6.5821735190317465	-4.866857787479766e-13
432	6.514661004296725	8.151874447357613e-13
433	6.446342889807221	-1.890794472836668e-13
434	6.37722201792757	5.074699128819507e-13
435	6.307345358894904	-2.0143758109305678e-13
436	6.236756693709517	1.9667408224289193e-12
437	6.165449062311219	7.039642404512515e-13
438	6.093352586488319	-1.7908059356516034e-13
439	6.020371281373451	-5.954373562706085e-13
440	5.946449387877423	-6.235240240192221e-14
441	5.871626762172869	6.758775727026378e-13
442	5.796045366314483	-1.4919637908063548e-13
443	5.719896003200519	1.6328465162334006e-12
444	5.643329796922892	4.006282287662245e-13
445	5.566381510420442	-1.2245787138395532e-14
446	5.48894860188121	7.98784830770571e-13
447	5.410841005462717	6.687997324299872e-13
448	5.331877513998725	1.2519913015622002e-12
449	5.2519790198433505	4.687103113888639e-13
450	5.171209344789542	1.3170400240679892e-12
451	5.089743548265233	-5.1904161999437946e-14
452	5.007781715387544	3.2615362056400063e-12
453	4.9254562081370725	-1.2924361031202037e-12
454	4.842780992370419	6.966617068366119e-13
455	4.759667152873085	-1.7405869737170825e-12
456	4.675990772956228	-2.08807522710293e-12
457	4.591671077355867	-1.0852688418064297e-12
458	4.506713875893309	1.4908403240964103e-12
459	4.421198514745097	1.190874712541217e-12
460	4.335220926518065	-1.3966938138030574e-12
461	4.24883150440834	-2.057516932592438e-12
462	4.16200811230052	1.6548664637483136e-13
463	4.074681024252102	-1.1573954045848695e-12
464	3.986794074229925	-1.4687080299105028e-12
465	3.8983620683532387	7.332305482453068e-13
466	3.809486034060464	1.370348519454858e-12
467	3.720312531553483	-1.0083113721752284e-13
468	3.630957915846087	-6.821689862783273e-13
469	3.5414415069774168	4.2365929632008766e-13
470	3.451668812348011	4.988192192153777e-13
471	3.361478728761475	-1.1470033375178825e-12
472	3.270731796158452	-9.547220101108737e-13
473	3.17939208556312	-7.581153358705784e-13
474	3.087556789262321	-1.4918514441353603e-12
475	2.9954160810302053	-1.0329714664585112e-12
476	2.9031639029428864	2.7582231195848505e-12
477	2.8109082798868563	-1.0657205210533946e-12
478	2.7186282652333484	9.581485835762046e-13
479	2.626200225387889	-8.672039534061937e-13
480	2.5334756815515624	8.255795118027484e-13
481	2.440366591534684	5.480270611109487e-13
482	2.346890943543587	-1.471966083369342e-12
483	2.2531561674293923	-1.0318479997485667e-12
484	2.1592945822190646	6.004086964621131e-13
485	2.0653913035945664	6.826183729623051e-13
486	1.9714479426092413	-1.2917339364264884e-12
487	1.877401709767552	-1.5761114473812012e-12
488	1.7831852870900815	-8.919202210249737e-13
489	1.6887880972264795	-2.991230115227349e-13
490	1.5942792418605498	-7.26602094656634e-13
491	1.49977642001577	-1.098272968974038e-12
492	1.4053784325835406	7.724816664239943e-13
493	1.311103528492763	1.8916370728691262e-14
494	1.2168730157651038	6.589553553840981e-13
495	1.1225540081358798	-5.735016687589412e-13
496	1.0280399554424429	-4.053538106149287e-13
497	0.9333233772832354	-9.18441057046602e-13
498	0.838517817918844	3.248012475119049e-13
499	0.7438133702233887	-5.217818255166035e-13
500	0.6493880701205353	-1.1763170415637635e-12
501	0.5553227700431004	-1.1963691669195394e-12
502	0.4615663750517972	8.868295124955374e-13
503	0.3679706271339313	-1.6513696736136112e-12
504	0.27437516377639004	1.0428088218374631e-12
505	0.1806962154558075	-1.1362461437701635e-12
506	0.08697094123310505	5.966731696515474e-13
507	-0.006664420608413546	9.91627891532552e-13
508	-0.10004730824512012	-5.473810677527306e-13
509	-0.1930693506051962	-1.0326625131132765e-12
510	-0.2857192255244835	-1.2341281808740818e-12
511	-0.3780662742859024	-1.7178367728407054e-12
512	-0.47019853172303033	6.009423431493367e-13
513	-0.5621557507857635	7.185973943482791e-13
514	-0.6538979573012316	-3.8675341489840937e-13
515	-0.7453284388408217	-9.875272380412544e-14
516	-0.836355119941865	-2.292461908309591e-12
517	-0.9269504541451847	2.6052912136936495e-12
518	-1.0171704596678433	2.5581336985437273e-13
519	-1.1071183496982182	2.863154910293671e-13
520	-1.1968726398410632	1.3361389581370466e-12
521	-1.2864223837245183	8.436111524973583e-13
522	-1.375650772661352	-8.0670527107568e-13
523	-1.464380677863777	-3.7720394786388075e-13
524	-1.552459804267145	1.1494749642797605e-12
525	-1.6398388581827883	6.299277842659059e-13
526	-1.7265973373541408	8.706867002070218e-15
527	-1.8129010801321885	-2.1207681083623163e-12
528	-1.8989120599428326	-1.473988323447242e-13
529	-1.9846994581585067	3.0603233178889387e-13
530	-2.0701994668133463	-1.5308919123059333e-12
531	-2.155244935321094	1.1234667099445443e-16
532	-2.2396471064789734	1.1113332694771432e-12
533	-2.323284010225935	2.852481976549198e-13
534	-2.40614766927256	-7.609240026454399e-13
535	-2.48832731294446	1.2204780603482556e-12
536	-2.569942447372826	2.183569897448216e-12
537	-2.6510672175248495	-9.484305965351843e-13
538	-2.7316897870610735	-1.8457434577678917e-12
539	-2.8117274639132557	3.2041270567618403e-13
540	-2.891084200514865	-1.337037731505002e-12
541	-2.9697115954854305	5.13986019799629e-13
542	-3.0476341246341105	-6.852023463951776e-13
543	-3.1249219146436844	-8.448469658782972e-14
544	-3.201628661206611	-6.055485566601094e-13
545	-3.2777347792071603	1.770358841530613e-12
546	-3.3531342184794153	2.4536512945188845e-12
547	-3.4276780240034523	5.301639404228305e-13
548	-3.501252506834336	1.2183996469348581e-12
549	-3.573847011650479	7.636203227493067e-13
550	-3.645569435354725	5.904941027468524e-13
551	-3.716595737538175	-1.1814375921776828e-12
552	-3.787076923607776	-6.121770102487821e-13
553	-3.8570531848001344	2.0506637856617767e-12
554	-3.9264218068252115	1.7679995614397292e-12
555	-3.9949783202377844	4.3377049670958853e-13
556	-4.062509589310912	-2.6152058074089103e-12
557	-4.12889032275071	-3.3310787949855736e-13
558	-4.19413265398852	-1.1249272166674722e-12
559	-4.258365345172033	-5.225243667952075e-13
560	-4.32175718482312	-1.4627536563477966e-12
561	-4.38442829224423	1.1479582842213353e-12
562	-4.446396932952952	1.5989178215930755e-12
563	-4.507586077756573	1.0680798011442783e-12
564	-4.567878664235373	-3.6366617400904895e-13
565	-4.627184057093662	9.928075315779937e-13
566	-4.6854747191701245	-7.890106703940534e-13
567	-4.742774271823438	5.925163428247526e-13
568	-4.799109693064074	-5.428591142452037e-13
569	-4.85446416048271	-8.299048586360348e-13
570	-4.908765883618224	-5.178058066134405e-13
571	-4.961924866073346	-6.775627727675546e-13
572	-5.01389686919008	7.43173228628316e-13
573	-5.064732967387451	-3.2142382571513414e-13
574	-5.114577705726399	-6.001559164523755e-13
575	-5.1636069901553725	1.0090977988721897e-12
576	-5.211932652132113	9.859543846473321e-13
577	-5.25952518906637	3.4328648789065494e-12
578	-5.306199674563901	1.087066388542341e-12
579	-5.351679815828783	1.957303702065385e-12
580	-5.395713839709726	3.051335584209382e-13
581	-5.43818666362384	1.883379592551034e-12
582	-5.479173383360179	2.0894233871548635e-12
583	-5.518908028531688	-9.51576303323029e-13
584	-5.557683564696026	-1.4953341909361885e-12
585	-5.5957311983553915	1.0126928923440121e-12
586	-5.633134472426471	-2.1368336823145232e-13
587	-5.669810281506445	-3.799564413032449e-13
588	-5.7055544593921415	-2.61318356733101e-13
589	-5.740118455320174	1.4582597895080185e-12
590	-5.773277755270163	-6.808208262263938e-14
591	-5.804868628339746	6.448698915081684e-14
592	-5.834797803131056	-4.134357492595923e-14
593	-5.863050095754307	2.062684879458183e-12
594	-5.889717149079459	1.3546761588511315e-12
595	-5.915048980698336	1.116501216342888e-12
596	-5.939501373961591	1.6721678510814596e-12
597	-5.963736751737685	-1.609927795350532e-12
598	-5.988547782561006	-1.2342405275450763e-12
599	-6.014704943596189	7.59463495922512e-14
600	-6.0427715346531246	-8.664175267092326e-13
601	-6.054951745714678	-2.361527024303432e-12
602	-6.0690321739751445	-2.0456081854670263e-12
603	-6.084440363286075	9.88201318067221e-13
604	-6.10039658466446	-2.0694256797178505e-13
605	-6.116099040268858	6.635194388932479e-13
606	-6.130876093965735	-4.188283894673261e-13
607	-6.144262788708682	-5.262318069380245e-13
608	-6.155999944759306	-2.287153528105103e-12
609	-6.165986736641954	-5.673506885219949e-13
610	-6.174229243633119	-1.3692812260804105e-12
611	-6.180811574968862	-8.336122987788518e-13
612	-6.185888359841311	7.22164401152353e-13
613	-6.18967500098323	1.5404975526759591e-12
614	-6.19241094381498	-7.529473890048335e-13
615	-6.194291348691855	4.574756442894184e-13
616	-6.19539023665223	1.1580694846108363e-12
617	-6.195615031942586	1.8919179395466124e-13
618	-6.194725525242825	-1.909893406905725e-14
619	-6.192419816690846	1.3380488515439523e-12
620	-6.188454870916282	9.789888910456758e-13
621	-6.182746672909223	4.698337780988084e-13
622	-6.175401464083512	1.5526309931433601e-12
623	-6.166662125999847	9.102327283970698e-13
624	-6.156796101389008	-1.5196010718709905e-12
625	-6.145979518079496	5.738667954396732e-13
626	-6.134233164062872	8.014811508744378e-13
627	-6.121436375667529	-9.482059031931954e-14
628	-6.1074046671412185	-3.3890496772187123e-12
629	-6.091984778013571	2.918766512435926e-13
630	-6.075117014392759	-4.0849249573583627e-13
631	-6.056837070969166	-9.257365689943044e-14
632	-6.037226405702196	1.1295334301782448e-12
633	-6.016348310189692	3.55015480342476e-13
634	-5.994211192071308	-1.0290955063092025e-12
635	-5.970779601104897	-2.0678528263239284e-12
636	-5.946021666290358	7.915946438269259e-13
637	-5.919956587690604	-7.316015215158872e-13
638	-5.892666753513617	-2.406690386043203e-12
639	-5.864261018628669	-1.005502705400367e-12
640	-5.834808282122741	1.3845603733356564e-12
641	-5.804282187825647	-1.3930987203312349e-13
642	-5.77255457368413	-1.2683939155273904e-12
643	-5.739448706799555	-3.3389430619551853e-13
644	-5.704827893078461	-3.7164278764965523e-13
645	-5.668672099580883	-2.159303016513414e-13
646	-5.631098898116382	-8.448469658782972e-13
647	-5.592313624537121	1.0129175856860011e-12
648	-5.552513116000718	-7.262088813081534e-13
649	-5.51179244015488	-8.715854735749775e-13
650	-5.470103915210094	-5.1275020641869e-13
651	-5.42728901173538	-2.2536742201487557e-13
652	-5.383164414614309	-1.3045695435876047e-12
653	-5.337614831862019	8.55182859609787e-13
654	-5.290643697630652	1.493986030884255e-12
655	-5.2423574471284775	-1.2576086351119229e-12
656	-5.19289799704237	-9.007956080335355e-13
657	-5.142364272643126	-1.4836501371527652e-12
658	-5.090768914106684	7.080087206070518e-13
659	-5.0380513252570145	8.18557844865595e-13
660	-4.984134533479789	-7.507004555849444e-13
661	-4.928987375592868	3.4625244000490854e-13
662	-4.872651517699203	3.4894876010877543e-13
663	-4.8152164557478665	3.6714892080987707e-13
664	-4.756758395768795	1.4625289630058077e-12
665	-4.697282721645519	3.2041270567618403e-13
666	-4.636708985936175	2.158853629829436e-12
667	-4.574911358445218	-5.206144733883018e-13
668	-4.511794514154255	4.0894188241981413e-13
669	-4.447360313022083	-2.509824630016112e-13
670	-4.381724757649647	7.850785369092475e-13
671	-4.3150706712395035	-3.872814442520833e-12
672	-4.247559383844209	5.886965560109412e-13
673	-4.179248964435361	2.918766512435926e-12
674	-4.110064660736888	8.724842469429331e-13
675	-4.039838858968756	-4.439940437700839e-13
676	-3.9684003270574952	1.742721560465977e-12
677	-3.8956642001125092	4.430952704021283e-13
678	-3.8216744947642853	7.005938403214178e-13
679	-3.7465783346142674	-3.2288433243806203e-12
680	-3.6705478084480396	3.7928236127727814e-13
681	-3.5936947184680648	5.635309017081834e-13
682	-3.516025106456474	-8.417012590904526e-13
683	-3.437455722569909	-1.4191631480019482e-12
684	-3.3578786377802947	5.873483959590077e-13
685	-3.277233276408772	-3.0351576635861807e-12
686	-3.195542687395244	2.2019947514913067e-13
687	-3.1128945902302223	1.1567213245589028e-12
688	-3.0293813829108447	-1.6038610751168314e-12
689	-2.9450388727761037	-4.772486583844424e-13
690	-2.8598232781401154	3.949210178797062e-12
691	-2.7736425199844548	-1.4739883234472421e-12
692	-2.686423447416125	4.224234829391486e-14
693	-2.598173611506498	-2.8118124816492055e-12
694	-2.508997714234912	-1.7975467359112708e-13
695	-2.419054801865191	1.0344881465169364e-12
696	-2.328477644557106	-1.3463625051975419e-12
697	-2.237300092718778	-1.8955130330184352e-12
698	-2.14543512207868	8.151874447357613e-13
699	-2.0527193097781304	-1.6681233709256594e-12
700	-1.95900131987906	-1.5908288612814748e-13
701	-1.8642272099549384	-1.380515893179856e-12
702	-1.7684750149492305	-1.7782231085002247e-12
703	-1.6719201128672667	-1.2218823937356863e-12
704	-1.5747500462242334	1.7395758536781323e-12
705	-1.4770758545456757	-1.6348687563113008e-12
706	-1.3788877387657077	1.6447552633588128e-12
707	-1.2800769406104904	1.0246016394694244e-12
708	-1.1805084382457993	-1.1207703898406773e-12
709	-1.0801015206006854	2.9178677390679704e-12
710	-0.9788725555260523	-1.8573151648803205e-12
711	-0.8769185742854494	1.67621233123726e-13
712	-0.7743555717235115	-1.2236799404715975e-12
713	-0.6712511407838576	3.631044406540767e-13
714	-0.5675932673004088	-9.329267559379496e-13
715	-0.46331325884141916	-6.758775727026378e-13
716	-0.3583471199447335	-9.702258507081084e-13
717	-0.2526954141440792	2.243787713101244e-12
718	-0.1464422696683565	1.0807749749666515e-12
719	-0.03971909969624012	-7.900217904330035e-13
720	0.06736738015731933	-1.2169391402119304e-12
721	0.17479982627317642	2.9070824586525026e-12
722	0.2826668173379342	1.3616416524527876e-12
723	0.391117222136565	9.02368461427458e-13
724	0.5002749857302567	-3.7658604117341125e-13
725	0.6101611418185555	2.2199702188504194e-13
726	0.7206678726444297	-4.417471103501948e-13
727	0.8316010198651205	-7.29803974779976e-13
728	0.9427703500539115	-2.3233291561653175e-13
729	1.0540783318458866	5.356689273015587e-13
730	1.1655605131830906	-2.235698752789643e-12
731	1.2773558146765398	8.057503243722271e-13
732	1.3896247035232485	2.1930070178117503e-13
733	1.50246094977429	3.1367190541651673e-13
734	1.6158443307272117	-7.78787123333558e-13
735	1.7296575070586966	1.1809882054937049e-12
736	1.8437528626244497	-7.832809901733363e-13
737	1.9580281724759325	4.228728696231265e-13
738	2.072467252935402	-8.111429645799609e-13
739	2.1871248360863103	-1.3391723182538968e-13
740	2.30206912948574	1.1324544436241006e-13
741	2.4173205745150503	-7.635079760783123e-13
742	2.5328270053636284	-6.107165035258543e-13
743	2.6484906053576793	1.0079743321622452e-12
744	2.764230018790961	-6.13862210313699e-13
745	2.8800372907966336	-9.706752373920862e-13
746	2.995990991519843	4.31411216618705e-14
747	3.1122127159946618	2.745752639104466e-13
748	3.2287888831630065	-7.801352833854915e-13
749	3.345702968348729	4.943253523755995e-14
750	3.462819954646008	1.70092859885604e-12
751	3.5799369424610887	1.0223547060495352e-12
752	3.6968760163950156	-4.763498850164868e-13
753	3.81357028519958	7.78787123333558e-13
754	3.930095793175446	1.3099621837953386e-12
755	4.046630489758742	7.235125612042865e-13
756	4.163361140688198	2.0447094120990706e-13
757	4.280386817249784	1.0003347585346221e-12
758	4.397669226012728	1.6941877985963728e-13
759	4.515053594826345	-1.4214100814218374e-12
760	4.632345335178477	1.1728992451821041e-13
761	4.749398677756409	5.163452998905125e-13
762	4.866169737048666	8.673163000771882e-13
763	4.982710222241544	-4.219740962551708e-13
764	5.099111965762269	1.737778306942221e-12
765	5.215440522904154	1.0160632924738458e-12
766	5.33169850083258	8.439481925103416e-13
767	5.4478376181752886	-3.7748481454136687e-13
768	5.563806356936581	5.07806952894934e-13
769	5.679597149514857	2.454999454570818e-12
770	5.7952576063807575	-1.8150728165864058e-12
771	5.910853693927178	8.55182859609787e-13
772	6.026405890812386	-7.612610426584232e-13
773	6.141839512610246	-9.616875037125299e-14
774	6.256986524274806	-6.430723447722572e-13
775	6.371647949842746	1.891468552862635e-12
776	6.48568879786923	1.8146234299024278e-12
777	6.599115860937437	1.5890313145455634e-12
778	6.712091505436826	-3.1861515894027276e-13
779	6.82486958416967	5.311750604617806e-13
780	6.9376797302932	-3.1142497199662765e-13
781	7.050615156371821	1.7571019343532672e-13
782	7.16357904663966	6.098177301578987e-13
783	7.2763158614638535	1.5458901928836928e-12
784	7.388511455305751	1.0380832399887589e-13
785	7.499913591643844	-2.8041729080215825e-13
786	7.610417997570765	1.7881096155477366e-12
787	7.7200871984931485	1.5157812850571791e-12
788	7.829105170613415	1.8200160701101616e-13
789	7.937700424680631	-1.7952998024913817e-12
790	8.046077704728166	3.2895105267176256e-13
791	8.154381211661361	9.805617444395982e-13
792	8.262684986871777	-4.776980450684202e-13
793	8.37098525424972	-8.484420593501198e-13
794	8.479171620920194	4.421964970341726e-13
795	8.586975619300825	1.4029852273787468e-12
796	8.693923316037905	-1.2600802618738008e-12
797	8.799334288263287	-1.2057044731124849e-12
798	8.902398347438702	1.7768749484482913e-12
799	9.002327616403987	-7.796858967015137e-13
800	9.098541725345362	6.390278646164567e-13
801	9.208819714286143	-5.518468479247602e-13
802	9.31535845602536	4.6331767118113e-13
803	9.41871426671457	-7.248607212562199e-13
804	9.519650915333969	-9.526997700329735e-13
805	9.61895456973232	-2.026733944739958e-13
806	9.717281596032487	3.041898463845848e-12
807	9.815081921288709	-8.812472872805005e-13
808	9.912599995239942	1.72564486647482e-13
809	10.009922213359717	1.294233649856115e-13
810	10.107028426365686	2.6954213304989507e-12
811	10.203820725032793	-1.1962673527489508e-12
812	10.300130980158588	4.597225777093075e-13
813	10.395730649019551	-3.545660936584982e-13
814	10.490367416184476	6.516106917678356e-13
815	10.583833611308645	-1.3486094386174309e-12
816	10.67604297334815	-8.497902194020533e-13
817	10.767076168054563	2.968199047673486e-12
818	10.85716188475417	1.5229714720008242e-12
819	10.946590773311376	4.044480155800359e-14
820	11.035594919083005	2.728675945113309e-12
821	11.124247747092648	2.3893889987100567e-12
822	11.212432815917593	7.464312820871552e-13
823	11.299897283997769	8.790003538606114e-13
824	11.386364108611959	1.9750544760825087e-12
825	11.471647951924238	-3.986059886883243e-12
826	11.555719055933247	1.6407107832030124e-12
827	11.638689504330683	1.4254545615776378e-12
828	11.720735622859177	1.8134999631924833e-12
829	11.802002691989502	-6.165585304175659e-13
830	11.882542875611744	-2.401522439177458e-12
831	11.962313279031815	3.3807360235651225e-12
832	12.041225574299741	-4.735861569100232e-12
833	12.119209929807056	-1.1225679365765887e-12
834	12.196251817926765	2.7888937607663365e-12
835	12.272380748898147	1.8928167129145683e-12
836	12.347623223713969	-5.615985389670788e-12
837	12.421954852308048	9.992112918246776e-13
838	12.495288506487878	-8.390049389865856e-13
839	12.567510891373074	6.095930368159097e-13
840	12.638548997877859	-2.6976682639188397e-12
841	12.708425492173788	1.0041545453484338e-12
842	12.777265146316825	-6.313882909888339e-13
843	12.845241693198464	-1.4726401633953087e-12
844	12.912489156922032	-9.331514492799384e-13
845	12.979025230418873	1.7398005470201213e-12
846	13.044730481882734	1.4274768016555378e-12
847	13.10939783546321	-1.3335549847041741e-12
848	13.172829313997866	-1.5076923247455783e-13
849	13.234928919841884	1.890569779494679e-12
850	13.295743824790144	-3.2647942590988455e-13
851	13.355432348263486	1.6002659816450087e-12
852	13.414178015387476	-9.733715574959531e-13
853	13.472096628141419	1.453990616010229e-12
854	13.529185682370555	-2.104927227752098e-12
855	13.585339882869022	-1.730138733314598e-13
856	13.640419052961164	-3.3263602348038065e-12
857	13.69432612735656	1.5584730200350718e-12
858	13.747050805892675	-2.885961284505545e-12
859	13.798656354739457	2.1042531477261312e-12
860	13.849222746515595	9.24163715600382e-13
861	13.898784534409796	2.725530238325464e-12
862	13.947303742300395	-3.069311051568495e-13
863	13.994694984252247	3.658456994263414e-12
864	14.040886494232817	-9.36521849409772e-13
865	14.085877628351815	5.59486421552383e-13
866	14.129754024059567	-1.9552814619874846e-12
867	14.172646881552295	-2.4808391888995424e-12
868	14.21465746584624	3.5085865351568115e-12
869	14.255790036976808	-3.956625059082696e-12
870	14.295935132347372	-7.682265362600794e-13
871	14.33491679875986	-1.3256907177345621e-13
872	14.372580906160271	4.323099899866606e-13
873	14.408876915563308	-2.11481373479961e-12
874	14.443887559261785	1.755529080959345e-12
875	14.477788611032745	7.673277628921237e-13
876	14.510759882942082	-1.823386470239995e-12
877	14.542895209885105	-2.86236848359671e-12
878	14.574159785229597	4.516336173977068e-13
879	14.60441608538634	4.1046979714533865e-12
880	14.633501981554344	-1.4387114687549834e-12
881	14.661315871529423	-2.0372945318134365e-12
882	14.687862303543405	4.918087869453237e-12
883	14.713235477430809	6.331858377247451e-13
884	14.737554572221168	-3.974600526441809e-12
885	14.760891683591842	-7.515992289529001e-13
886	14.783235672604933	1.9979731969653773e-12
887	14.804511059769137	-5.467463090616119e-12
888	14.8246379570899	3.482746800828087e-14
889	14.843593427223224	-3.4894876010877543e-13
890	14.861434391860946	4.841467439835019e-12
891	14.87826643001397	-9.553960901368405e-13
892	14.894176492582332	-2.008758477380845e-13
893	14.909171098494493	1.8206901501361282e-12
894	14.923159975767188	3.6896893687998724e-12
895	14.935998808135789	-1.2461492746704886e-12
896	14.947569855444023	2.7048584508624846e-12
897	14.957854537284648	6.693614657849595e-13
898	14.966955507920574	-2.878546404219911e-12
899	14.975052150223533	-2.171661150322804e-12
900	14.982311940120278	2.741258772264688e-13
901	14.988805350044617	2.312094489065872e-13
902	14.994471115052223	1.4032099207207358e-12
903	14.999150927134211	-4.08357679730643e-12
904	15.00267464377527	2.7021621307586176e-12
905	15.004948745455216	3.584757578091052e-12
906	15.00600103123467	-2.3015339019923934e-12
907	15.005958409390042	4.581497243153851e-13
908	15.004974351754424	-3.9725782863639086e-13
909	15.00314831939568	-2.575659779218862e-12
910	15.00048290447262	-4.493866839778177e-14
911	14.996900305715023	9.83932144569432e-13
912	14.99230405827764	-7.127272807888189e-13
913	14.986646339216245	-1.6177920623201436e-12
914	14.979959202698122	-2.9149467256221145e-12
915	14.972331531156534	-7.718216297319019e-13
916	14.963847900060477	2.4655600416442967e-12
917	14.95452847585666	-2.469155135116119e-12
918	14.944310160328147	2.2096343251189296e-12
919	14.933082720305157	7.711475497059352e-13
920	14.920760950159524	-4.465780172029563e-12
921	14.907349226272254	1.9714593826106863e-12
922	14.892957997337149	1.0481944403782597e-12
923	14.877758272137035	2.8383262960038965e-12
924	14.861896435734861	-3.5723994442816617e-12
925	14.84541608181576	-4.705078581247751e-13
926	14.828232102641024	-9.765172642837978e-13
927	14.810173499868112	5.423760235599276e-12
928	14.791073110056733	-1.4219718147768097e-12
929	14.770856891842593	-1.3146807439771057e-12
930	14.74958400318608	2.518025936998707e-12
931	14.727417124679883	-2.9820176882058037e-12
932	14.70454075352439	7.078963739360573e-13
933	14.68107283977511	2.6864335968193944e-12
934	14.657017550727987	2.3507417438879644e-12
935	14.632282087057607	-2.138069495695462e-12
936	14.606743492624178	-8.55407552951776e-13
937	14.580324472474452	3.3146761810203832e-12
938	14.553033922939312	5.57846160155864e-12
939	14.524951806090307	1.0395437467116868e-12
940	14.49617164948752	-1.6115006487444543e-12
941	14.466739514518272	2.8294509089953346e-12
942	14.43662888536594	-1.4277014949975268e-12
943	14.405767745357934	-9.54272623426896e-13
944	14.374100748792939	1.8033887628029825e-12
945	14.341646100795717	2.7586725062688285e-12
946	14.308508591518972	-1.474213016789231e-12
947	14.274836185997025	-1.2381726610298822e-12
948	14.240741823166317	9.825839845174984e-13
949	14.20623564834829	4.174465254140943e-12
950	14.1712093446473	-5.475776744269709e-13
951	14.135486922459707	-2.109084054578893e-12
952	14.098917406394177	3.48937525441676e-12
953	14.061461025201673	-1.6693591843065984e-12
954	14.02322100317453	1.3188375708039004e-12
955	13.984402559761625	-3.2108678570215077e-13
956	13.945219820689378	7.213779744553919e-13
957	13.905799337248013	-3.5171248821523903e-12
958	13.866130356012135	1.5679101403986059e-12
959	13.826085764827422	1.1757079119569655e-12
960	13.785498665179771	2.7603577063337454e-12
961	13.744250977758874	-2.867761123804444e-12
962	13.702326777046697	-1.1841339122815496e-13
963	13.659805612242895	3.0202155563439184e-12
964	13.616807275768467	-4.4657801720295634e-13
965	13.573425342902487	-9.300057424920937e-13
966	13.529690500831556	3.34107764870408e-12
967	13.485582578178445	1.4325324018502885e-12
968	13.441078166937304	-2.2300252459044232e-12
969	13.396197899518041	3.1305399872604724e-13
970	13.351017586382518	2.805015508054041e-12
971	13.305631483927337	-4.324672753260529e-12
972	13.260088300813372	-1.7522148541650085e-12
973	13.214341612611074	1.554316193208277e-13
974	13.168251734275659	2.275694167663669e-12
975	13.121647949848612	-1.3012553167932683e-12
976	13.074423587870028	2.0015682904372e-12
977	13.02661376093858	-6.819442929363384e-13
978	12.97840909543887	3.638234593484412e-12
979	12.930091794170382	-1.9556746753359655e-12
980	12.881919750294822	2.239855579616438e-12
981	12.834014406379017	2.757324346216895e-12
982	12.786307236641273	-3.6244721262875913e-12
983	12.738570901468721	-2.8740244507123843e-12
984	12.690519455305694	-8.203273049337576e-13
985	12.64192877164429	1.7778018084839955e-12
986	12.592722687572724	1.6149833955452824e-14
987	12.542991808494385	-2.3356030299714617e-12
988	12.492948130607445	-2.2672681673390846e-12
989	12.442848124680337	2.7667333799126804e-12
990	12.392924374728917	-1.1824487122166327e-13
991	12.343349041660323	-8.717539935814691e-13
992	12.294223856870465	3.770635145251377e-14
993	12.245572734247975	-7.829018201587299e-13
994	12.197312940919275	5.179181532844349e-14
995	12.149203549302108	-3.1072280530291235e-13
996	12.100798106035098	2.17371849873539e-12
997	12.051443548265377	1.6083689852904838e-12
998	12.000356957440781	-1.2025728096585144e-12
999	11.946777636403178	-1.607919598606506e-12
